Feature	Gain	Cover	Frequency
azar_under	0.653584785934135	0.0989609531738216	0.0325724544755065
ctrx_quarter_normalizado	0.137941837219788	0.0352914624993942	0.0151320851500385
ctrx_quarter	0.0215509330022319	0.0226349898526995	0.0176968453449602
mcuentas_saldo	0.0137417649293936	0.0142376677966211	0.0141061810720698
mpayroll_sobre_edad	0.0121580889585307	0.0327635142624482	0.0125673249551167
mpasivos_margen	0.0113958660206948	0.0147241472922721	0.0179533213644524
mcaja_ahorro	0.00923014935800584	0.0194885534769922	0.0169274172864837
cpayroll_trx	0.00916378973057077	0.0119786612520853	0.00666837650679662
mpayroll	0.00645363312292672	0.0155436721538854	0.00589894844832008
mtarjeta_visa_consumo	0.00597804814495585	0.0100725128890572	0.00948961272121057
mcomisiones_min6	0.00553013379390741	0.00744446385729198	0.0112849448576558
mcomisiones_avg6	0.0043931950612199	0.0116275021347013	0.0135932290330854
mprestamos_personales_min6	0.00424552701087111	0.000954298083637094	0.00128238009746089
cpayroll_trx_avg6	0.0034964879429977	0.0101310586070859	0.00641190048730444
mprestamos_personales	0.00320647588704539	0.0096380996296069	0.0046165683508592
ccomisiones_mantenimiento_delta2	0.00268048144971198	0.00801123133221689	0.0056424724288279
ctrx_quarter_normalizado_lag1	0.00261229559692916	0.00499395262761563	0.0056424724288279
mprestamos_personales_lag2	0.00257017101427499	0.00042591793883133	0.00102590407796871
ctarjeta_visa_transacciones	0.00242439493635754	0.00412385901004634	0.0046165683508592
vm_msaldopesos_lag2	0.00204455615885183	0.000898315360642631	0.00153885611695307
mactivos_margen	0.00197973090166126	0.000654658046210455	0.00102590407796871
mrentabilidad_annual_max6	0.00192023986106628	0.00550914342718916	0.0079507566042575
vm_msaldototal	0.00174589079485861	0.00245546443356269	0.00615542446781226
cproductos	0.00171015367398251	0.00769151929997176	0.00666837650679662
mrentabilidad_min6	0.00161770911865695	0.000979755247797127	0.00307771223390613
vm_status05	0.0015028190585462	0.00147291580915524	0.00179533213644524
mactivos_margen_min6	0.00139810463464231	0.0034408928276715	0.00820723262374968
mcaja_ahorro_min6	0.00133213287255685	0.00545690440480646	0.00589894844832008
cproductos_delta2	0.00133032490024881	0.00646992099265431	0.00436009233136702
mcomisiones_tend6	0.00123127561805443	0.00231429812280196	0.00641190048730444
vm_status01	0.00120242119082308	0.00716388789528835	0.00179533213644524
Visa_fechaalta_lag2	0.00111502090460157	0.0011332757705767	0.00384714029238266
mcuentas_saldo_tend6	0.00110583628547383	0.00183510444449545	0.0056424724288279
mcomisiones_mantenimiento	0.00103350079981872	0.00539614126410774	0.00384714029238266
ctrx_quarter_lag1	0.0009917999533322	0.00542994976040172	0.00589894844832008
mcomisiones_mantenimiento_delta2	0.000952261742112885	0.00314563004019093	0.00410361631187484
vmr_msaldopesos	0.000917003274205747	0.00249408214525795	0.00333418825339831
mprestamos_personales_lag1	0.000868747445070713	0.000750611972659812	0.00179533213644524
mactivos_margen_delta2	0.000752212913893604	0.00364656597974272	0.00410361631187484
mcuenta_corriente_lag1	0.000696174365159	0.00183550761225364	0.00333418825339831
cdescubierto_preacordado_min6	0.000668852989567979	0.00180204468832382	0.00153885611695307
cdescubierto_preacordado	0.000656021610091421	0.00444103684495427	0.00256476019492177
vm_fechaalta_lag1	0.000602923098422484	0.000869776842902141	0.00128238009746089
mpasivos_margen_max6	0.000602077434494235	0.00120236144571235	0.00282123621441395
cprestamos_personales_tend6	0.000585328630394466	0.00547277193586096	0.0023082841754296
vm_status04	0.000581961337925952	0.0146210515369633	0.00487304437035137
vm_mpagominimo	0.000575116836423147	0.000933534944090279	0.00256476019492177
mpasivos_margen_avg6	0.00055780942251533	0.00125036720663404	0.00307771223390613
ctarjeta_visa_transacciones_delta1	0.000554455733034374	0.00569388065353148	0.00512952038984355
mrentabilidad_max6	0.000543579584586048	0.00275959691172345	0.00384714029238266
mautoservicio	0.000541665770943122	0.00501782591843991	0.00436009233136702
mcuentas_saldo_delta1	0.000522288960891125	0.000885932350926777	0.00179533213644524
chomebanking_transacciones_delta1	0.000492093362334675	0.00319942413821236	0.00384714029238266
mactivos_margen_avg6	0.000482515443706933	0.00173503244737314	0.00410361631187484
Visa_msaldopesos	0.000457517879573753	0.00370298066819239	0.00589894844832008
mcuenta_corriente_max6	0.000452473729459013	0.00357909297563983	0.00282123621441395
mcuentas_saldo_lag2	0.000446180879320453	0.000830554379569601	0.00205180815593742
mcomisiones_otras_lag2	0.000432368631982593	0.00186303821059865	0.00359066427289048
vmr_mpagominimo	0.000432007360084524	0.000591850269023766	0.0023082841754296
cproductos_tend6	0.000429560192744585	0.00348247670215916	0.00384714029238266
mpayroll_lag1	0.000415882330040728	0.000837782601520017	0.00128238009746089
ccaja_ahorro	0.000415304909246923	0.0082845790722701	0.00410361631187484
cprestamos_personales	0.000414496367002352	0.00169742265507337	0.00128238009746089
mautoservicio_max6	0.000414306703529488	0.00458776111123862	0.00256476019492177
mactivos_margen_delta1	0.000412927764773337	0.00609457180977889	0.00512952038984355
vmr_msaldototal	0.000412534664128228	0.00289261347422933	0.00205180815593742
mtarjeta_master_consumo	0.000398553859037133	0.00158286541635322	0.00153885611695307
ccallcenter_transacciones_delta2	0.000396370712822999	0.00479375103797699	0.0023082841754296
azar_sampling	0.000395627515610492	0.00213396694410272	0.00410361631187484
ctrx_quarter_lag2	0.000391332239661387	0.00389831544703572	0.00384714029238266
ctarjeta_visa	0.00039010301383841	0.000876976267155544	0.000769428058476533
mtarjeta_visa_consumo_tend6	0.000382741197470891	0.00288581721773412	0.00282123621441395
numero_de_cliente	0.000368377753242839	0.00251138956116313	0.00384714029238266
Visa_status	0.000365517194870058	0.00375280068402594	0.00102590407796871
mcuenta_corriente	0.000365486687302801	0.000521843067583674	0.00179533213644524
mrentabilidad_lag2	0.000359702071607959	0.00113632832646014	0.00153885611695307
mactivos_margen_tend6	0.000358007084188456	0.00192408932826751	0.00307771223390613
ctrx_quarter_normalizado_lag2	0.000348468634444233	0.00116555798892896	0.00128238009746089
vm_mpagominimo_lag2	0.000341887238045115	0.00229267105234474	0.00256476019492177
ctrx_quarter_delta1	0.000336957961255781	0.0044571923529789	0.00538599640933573
mpasivos_margen_tend6	0.000330469254945736	0.000945802763018078	0.00256476019492177
vm_Fvencimiento	0.000329397362534936	0.000596227518969835	0.00153885611695307
mcomisiones_mantenimiento_delta1	0.000329063888107988	0.00607320391859479	0.00282123621441395
mv_status07_delta2	0.000322717827511596	0.00167265663564166	0.000769428058476533
vm_mpagospesos_delta2	0.000322600696919366	0.00409874741825047	0.00410361631187484
Visa_Fvencimiento	0.000320351392979326	0.00101411090033437	0.0023082841754296
chomebanking_transacciones_lag2	0.000314803562150861	0.000925903554381672	0.00307771223390613
ccomisiones_otras	0.000313881155382716	0.00341425495793391	0.00282123621441395
ctarjeta_visa_transacciones_delta2	0.000306590466386911	0.00154807779836077	0.00205180815593742
ccajas_consultas	0.000306186477086923	0.00510372944863152	0.00153885611695307
Visa_mpagominimo_lag2	0.000302427807591703	0.00149831537792125	0.00256476019492177
mcuentas_saldo_min6	0.000300756830917759	0.00203516204564902	0.00410361631187484
ctrx_quarter_delta2	0.000300204043704276	0.00121799859519074	0.00384714029238266
cdescubierto_preacordado_tend6	0.000297978544010796	0.00537229677098047	0.00102590407796871
mcaja_ahorro_tend6	0.000292857368023862	0.00115907850710089	0.00153885611695307
mttarjeta_visa_debitos_automaticos_delta2	0.000291296943398683	0.00173146153294346	0.00128238009746089
vm_fechaalta_lag2	0.000286894670841821	0.000802764601951465	0.0023082841754296
vm_status06	0.000283187430455574	0.00665071293450577	0.00205180815593742
mcuentas_saldo_lag1	0.000280251934089359	0.00147982725643851	0.00102590407796871
mrentabilidad_tend6	0.000279901542503269	0.00135956807370966	0.00359066427289048
Master_fechaalta_lag1	0.00027606028993955	0.000984622058592428	0.00282123621441395
Visa_Fvencimiento_lag1	0.000274376331065587	0.000855377994395335	0.00205180815593742
mrentabilidad_annual	0.000271450746218049	0.0021694745045205	0.0046165683508592
mtarjeta_visa_consumo_min6	0.000265566258592709	0.000549488856716742	0.00179533213644524
vmr_msaldopesos2	0.000259009756734329	0.00216604757857588	0.00333418825339831
mcomisiones_lag2	0.000252800874885822	0.00133258463160791	0.00307771223390613
Master_fultimo_cierre_lag1	0.000247963541693937	0.00163481646176577	0.00179533213644524
mrentabilidad_annual_avg6	0.000247067393618159	0.00161848816755905	0.00487304437035137
mcuentas_saldo_max6	0.000243440625210309	0.000671303115084323	0.0023082841754296
cpayroll_trx_min6	0.000238137394809572	0.0016526422362172	0.000512952038984355
mttarjeta_visa_debitos_automaticos_delta1	0.000233103697019184	0.0013524550425473	0.00205180815593742
mcaja_ahorro_lag1	0.000232131114364571	0.00156665231293455	0.00359066427289048
Master_fechaalta	0.000229649264585474	0.000838300960066262	0.00333418825339831
mactivos_margen_lag1	0.000229004284203355	0.00159723546716301	0.00384714029238266
ccaja_seguridad	0.000227725119584966	0.00401025209532763	0.00102590407796871
ccomisiones_mantenimiento_delta1	0.000226744088148853	0.000851029542146279	0.00102590407796871
mcomisiones_max6	0.000222506773203585	0.000906148334230333	0.00282123621441395
vm_cconsumos_delta2	0.000222362067431639	0.00176524123154042	0.00205180815593742
mrentabilidad_delta2	0.000220750972100863	0.00122850975460071	0.0023082841754296
vm_Fvencimiento_lag2	0.000219155250298153	0.000792195847147469	0.0023082841754296
mcuenta_corriente_tend6	0.000218472900470207	0.000836774682124541	0.00179533213644524
mcuenta_corriente_lag2	0.000217674240155453	0.00105293019590872	0.00153885611695307
mcuenta_corriente_min6	0.0002165482002348	0.000284434853403452	0.00128238009746089
ctarjeta_visa_transacciones_tend6	0.000216288842935731	0.00256262066415034	0.00205180815593742
mcaja_ahorro_dolares_avg6	0.000215690737261383	0.00185915052150182	0.00128238009746089
Visa_cconsumos_lag1	0.000214626430730031	0.00121203747190893	0.00102590407796871
vmr_msaldopesos_lag2	0.000211192521571315	0.000258689712273282	0.00128238009746089
mpasivos_margen_lag2	0.000210769934075316	0.00141180709609236	0.00333418825339831
mttarjeta_visa_debitos_automaticos_max6	0.000205786239356401	0.00168872575057526	0.00205180815593742
mrentabilidad_delta1	0.000204771359191317	0.00679651567448569	0.0056424724288279
Visa_mpagominimo_delta1	0.000202717173568821	0.00068164148831221	0.00205180815593742
mcaja_ahorro_lag2	0.000201254667191934	0.00257370777750058	0.00282123621441395
mcuenta_corriente_avg6	0.000201177110085293	0.00160708427954166	0.0023082841754296
mrentabilidad_annual_delta1	0.000201066861847317	0.000953779725090849	0.00205180815593742
mcaja_ahorro_dolares_tend6	0.000197352250730194	0.00187907852783523	0.0023082841754296
mrentabilidad_annual_min6	0.000196356862125326	0.0015149316490981	0.00333418825339831
chomebanking_transacciones_lag1	0.000194490709198352	0.000874586058303414	0.00153885611695307
mrentabilidad_avg6	0.000193668873452299	0.000657710602093898	0.00179533213644524
mextraccion_autoservicio_delta2	0.000191138035108425	0.00373650118751623	0.00205180815593742
mpasivos_margen_lag1	0.000190975738174645	0.00387547887330393	0.00538599640933573
ctarjeta_visa_transacciones_avg6	0.000190528375208753	0.00157255584082234	0.00179533213644524
mcomisiones_otras_lag1	0.000190125247247427	0.001140273610951	0.00307771223390613
cliente_edad_lag2	0.00018914930864249	0.00631772516393737	0.00538599640933573
vm_msaldopesos	0.00018787783488229	0.00210908573388296	0.0046165683508592
cmobile_app_trx_lag1	0.000187141850816675	0.000867789801808202	0.00179533213644524
vm_status06_delta1	0.000184740154625557	0.000523686120192545	0.000256476019492177
mautoservicio_lag1	0.00018473684798661	0.000373102962508365	0.00128238009746089
mpasivos_margen_delta1	0.000184588238587202	0.000862375834769643	0.00179533213644524
Visa_fechaalta	0.000183539481890412	0.00062974803829368	0.00205180815593742
mcuenta_debitos_automaticos	0.000183444487525843	0.0013524550425473	0.00102590407796871
cpagomiscuentas_tend6	0.000178607040983393	0.00366681076074329	0.00256476019492177
cliente_edad_min6	0.00017655422871027	0.00331611240651152	0.00436009233136702
Visa_cconsumos_delta2	0.000175693395515875	0.00477638602667778	0.00436009233136702
Visa_msaldototal	0.000173727886394821	0.00150859615575511	0.00179533213644524
Master_Fvencimiento_lag1	0.000168179655861859	0.000655262797847741	0.00179533213644524
mcaja_ahorro_dolares_lag1	0.000166990458932159	0.000443945297161852	0.00153885611695307
mrentabilidad_annual_lag2	0.000166989389865939	0.00105272861202962	0.00256476019492177
vm_mpagospesos	0.000166431210347675	0.00105834416294728	0.00102590407796871
mpayroll_min6	0.000165279320103594	0.00213949610192933	0.00333418825339831
mcomisiones	0.000162586653787598	0.000871072739267753	0.0023082841754296
Master_mconsumospesos	0.000159897119917179	0.000232944571143112	0.000512952038984355
ctrx_quarter_normalizado_delta1	0.00015930987146351	0.0014038589317166	0.00333418825339831
Master_msaldototal	0.000156301416378552	0.000555709159271682	0.00179533213644524
Master_fechaalta_lag2	0.000156234125331346	0.00108699787147582	0.0023082841754296
mrentabilidad_annual_tend6	0.000155544944439573	0.000403801307524876	0.00179533213644524
ctarjeta_visa_transacciones_min6	0.00015293887153861	0.00160607636014619	0.00205180815593742
Visa_fechaalta_lag1	0.000152192628570631	0.000539409662761977	0.00179533213644524
mpasivos_margen_delta2	0.0001516976414644	0.000820331197129768	0.00153885611695307
cproductos_avg6	0.000151617980528326	0.00326905696959127	0.00333418825339831
vmr_msaldopesos2_lag1	0.000151373909078953	0.000312512607991724	0.00128238009746089
ccajas_transacciones_delta2	0.000149050123668228	0.00153376534294501	0.000769428058476533
tcallcenter_delta2	0.00014897201078199	0.00108731464614297	0.000769428058476533
vmr_msaldopesos2_delta2	0.000148725092917133	0.00196904253330576	0.00179533213644524
vm_mconsumospesos_lag2	0.000145011022463599	0.000253880496872009	0.00102590407796871
mtarjeta_visa_consumo_delta1	0.00014315693451947	0.00125739384470537	0.0023082841754296
tcallcenter_lag2	0.000141509873182784	0.00579516215392836	0.00436009233136702
vmr_msaldototal_lag1	0.000140495333476101	0.00067438446866478	0.00102590407796871
vm_fechaalta	0.000139876906827307	0.00139311739073052	0.00179533213644524
mcaja_ahorro_avg6	0.000139744486980979	0.00287628518002261	0.00410361631187484
cliente_edad_avg6	0.000139394398834289	0.00275167754504471	0.0023082841754296
mcomisiones_delta1	0.000138792675088544	0.000611403905296009	0.00179533213644524
Master_Fvencimiento_lag2	0.000138697925709264	0.000714384469816687	0.00153885611695307
matm_delta1	0.000138474075660509	0.00181327579015913	0.00205180815593742
ctarjeta_visa_debitos_automaticos_avg6	0.000137617755936697	0.000858171371005655	0.00102590407796871
mrentabilidad_annual_delta2	0.000137221438518877	0.000825975545744436	0.00205180815593742
chomebanking_transacciones_delta2	0.000136959611375815	0.00149365015100504	0.00179533213644524
ctarjeta_visa_debitos_automaticos_tend6	0.000136297108676397	0.00257051123313207	0.00179533213644524
ccallcenter_transacciones	0.000134989203443112	0.00164506844190262	0.000769428058476533
mrentabilidad	0.000134787363399649	0.000413938096873667	0.00153885611695307
mtarjeta_master_consumo_max6	0.000134780451231928	0.00145408211530834	0.00128238009746089
cliente_edad_lag1	0.000133918515075604	0.00755455745297502	0.0056424724288279
Visa_mpagospesos_delta1	0.000133918146759352	0.000630036015263816	0.00179533213644524
ctarjeta_visa_debitos_automaticos_lag2	0.000133895496696757	0.00035513319957187	0.000512952038984355
vmr_mpagospesos_delta2	0.000132698542332441	0.00260544283960959	0.00333418825339831
vm_mfinanciacion_limite_lag2	0.000132161091907849	0.00141091436748494	0.00128238009746089
Visa_mlimitecompra_delta2	0.000131779519206194	0.000216760265421462	0.00102590407796871
mautoservicio_avg6	0.000130662020500706	0.000854082098029722	0.000769428058476533
vmr_msaldopesos2_lag2	0.000130597245030373	0.00303225350704834	0.00333418825339831
vmr_mconsumospesos_lag2	0.000128860369191522	0.000524550051102953	0.00153885611695307
cliente_edad_max6	0.000128508224782355	0.00329938094454661	0.00282123621441395
Visa_mpagominimo	0.000125596631456141	0.00111066957842101	0.00179533213644524
mttarjeta_visa_debitos_automaticos_tend6	0.000125101512211422	0.00244319661463489	0.00153885611695307
ctarjeta_debito_transacciones_lag2	0.00012441951514705	0.00203182151279544	0.00179533213644524
vmr_mpagado_delta1	0.000124326798128073	0.00220791943003368	0.00179533213644524
vmr_Master_mlimitecompra_lag2	0.000124020077979293	0.000315651556966208	0.00102590407796871
ccallcenter_transacciones_delta1	0.000123918852158904	0.00121710586658332	0.000512952038984355
cpayroll_trx_max6	0.000123828110624124	0.0011180417888565	0.00205180815593742
cliente_edad	0.000122085633427416	0.00165609795985883	0.00205180815593742
mcomisiones_delta2	0.000121336499682811	0.00184213108256677	0.00282123621441395
mcaja_ahorro_dolares	0.000121294696544798	0.000126681069162882	0.000769428058476533
cseguro_accidentes_personales_avg6	0.000120001649290528	0.000697048256214493	0.000769428058476533
mcuenta_corriente_delta1	0.000119709246619304	0.00140311019159425	0.00128238009746089
ctransferencias_recibidas_lag2	0.000118238214880631	0.00195593958116457	0.00153885611695307
mcuenta_debitos_automaticos_lag1	0.000117473825166202	0.000820302399432755	0.000769428058476533
mcuenta_debitos_automaticos_lag2	0.000116823413994176	0.00136342696510949	0.000769428058476533
Visa_cconsumos_delta1	0.000115932182426835	0.00350102241903592	0.00333418825339831
ccomisiones_otras_lag2	0.000115685158313936	0.000315824343148289	0.00128238009746089
vmr_msaldopesos_delta1	0.00011545079992861	0.00210695470430395	0.00205180815593742
vm_status04_delta1	0.000115400427263703	0.00138850975920834	0.000256476019492177
Master_mfinanciacion_limite	0.000115358025156719	0.00189321819706892	0.00179533213644524
mcaja_ahorro_dolares_delta2	0.000114883189522579	0.00021523398747974	0.000769428058476533
vm_cconsumos_lag2	0.00011384905530887	0.000968725729840914	0.000769428058476533
mtransferencias_emitidas_lag1	0.000113676669305252	0.00136118074474243	0.00179533213644524
vm_Fvencimiento_lag1	0.000112815238683841	0.000626436303137115	0.00153885611695307
cproductos_min6	0.000112664791568424	0.00250280784745307	0.00282123621441395
mtransferencias_emitidas	0.000111908355930714	0.00507150482567329	0.00410361631187484
vmr_msaldopesos_lag1	0.000111535064305213	0.000283369338613948	0.000769428058476533
ctarjeta_visa_debitos_automaticos_lag1	0.000111093253353516	0.000164146872977592	0.000512952038984355
cdescubierto_preacordado_avg6	0.000110759219707573	0.000995565183457601	0.000512952038984355
Visa_mfinanciacion_limite_lag2	0.000110654141383258	0.00038948885210911	0.00128238009746089
mtarjeta_master_consumo_min6	0.000108387312821104	0.00236414693633253	0.00128238009746089
Visa_mpagospesos_lag2	0.000107388288871857	0.000624420464346162	0.00179533213644524
vm_mfinanciacion_limite_lag1	0.000107287423821066	0.000703556535739569	0.000769428058476533
Visa_mpagominimo_lag1	0.00010643899370254	0.000698315354883092	0.00153885611695307
mcaja_ahorro_dolares_lag2	0.000105683608642323	0.000563282953586262	0.00128238009746089
vmr_msaldototal_delta2	0.000105549051680906	0.000198099357756641	0.00102590407796871
Visa_mpagospesos_delta2	0.00010519502127252	0.00197511884737563	0.00179533213644524
mttarjeta_visa_debitos_automaticos_avg6	0.000105035314728171	0.00048155508946163	0.000769428058476533
vmr_mpagospesos	0.000103853481280064	0.000648581732140583	0.00128238009746089
Master_mlimitecompra_delta2	0.000101980654510946	0.00067956805412723	0.00102590407796871
vm_msaldototal_delta1	0.000101299697378057	0.000891951069602623	0.00179533213644524
ctarjeta_visa_debitos_automaticos_delta2	0.000100136513500029	0.000134226065780448	0.000512952038984355
Master_mpagospesos	9.94360052270178e-05	0.000514874024906379	0.000769428058476533
vm_mlimitecompra_delta2	9.79134844042778e-05	0.000817998583671666	0.00102590407796871
cseguro_vivienda_avg6	9.70799759576058e-05	0.000608207360927498	0.000512952038984355
mpayroll_delta1	9.65810381448696e-05	0.0034286250087437	0.0023082841754296
vm_Fvencimiento_delta2	9.62886536129066e-05	0.000205097198130949	0.000512952038984355
Master_mconsumospesos_lag1	9.5119322739195e-05	0.00201618436331704	0.0023082841754296
vmr_msaldototal_delta1	9.49359335252934e-05	0.00471971215895499	0.00333418825339831
Visa_mconsumospesos	9.47888671913247e-05	0.00136426209832288	0.00205180815593742
mcaja_ahorro_max6	9.4454469291852e-05	0.000826378713502627	0.00205180815593742
mtarjeta_visa_consumo_delta2	9.39921796099459e-05	0.000502231835917404	0.000769428058476533
mtransferencias_emitidas_lag2	9.31924681272895e-05	0.00230171352920701	0.00256476019492177
Visa_mpagominimo_delta2	9.30743713047759e-05	0.000442966175463389	0.00153885611695307
mcomisiones_otras	9.30108800955792e-05	0.00118669549853695	0.0023082841754296
cplazo_fijo_tend6	9.27313812749675e-05	0.00223812821420096	0.000769428058476533
Visa_mpagado_delta1	9.25321237985674e-05	0.00096351334668145	0.00128238009746089
cliente_antiguedad_avg6	9.21797496773667e-05	0.00073010801238612	0.000769428058476533
mttarjeta_visa_debitos_automaticos_lag2	9.16589312255693e-05	0.000391850263264226	0.00102590407796871
Visa_msaldopesos_lag2	9.14132764652825e-05	0.000442217435341035	0.00102590407796871
Visa_fultimo_cierre_lag2	9.13657428071855e-05	0.000397465814181881	0.00102590407796871
mtransferencias_emitidas_delta2	9.11740677652241e-05	0.00146519802635559	0.00153885611695307
ccomisiones_mantenimiento	9.02769702232063e-05	0.00184766024039338	0.00102590407796871
vmr_mpagominimo_delta2	8.98105711928156e-05	0.00136388772826171	0.00179533213644524
cseguro_vivienda_max6	8.92716124927108e-05	0.000952167054058087	0.000512952038984355
ccallcenter_transacciones_lag1	8.85673399170556e-05	0.00174499645053985	0.00102590407796871
mcaja_ahorro_dolares_min6	8.82152376690236e-05	0.000355593962724088	0.00128238009746089
mcomisiones_mantenimiento_lag2	8.79238558084061e-05	0.000634614849088981	0.000769428058476533
cliente_antiguedad_min6	8.76961174227331e-05	0.00189866096180449	0.00128238009746089
matm_delta2	8.74542148341452e-05	0.00211729307753184	0.00128238009746089
Master_msaldopesos	8.53518097152418e-05	0.000692872590147519	0.000769428058476533
vmr_msaldopesos_delta2	8.4813829115146e-05	0.00038804896725843	0.000256476019492177
cpayroll_trx_lag2	8.47697650785674e-05	0.000730741561720419	0.000512952038984355
Master_mfinanciacion_limite_delta2	8.47664386679538e-05	0.000678070573882522	0.00128238009746089
Visa_msaldototal_lag1	8.4241438199326e-05	0.000451000732930187	0.000512952038984355
cmobile_app_trx	8.42067109913871e-05	0.000187185030588482	0.000512952038984355
vmr_mconsumototal_delta2	8.42033414869146e-05	0.000321785466430107	0.000512952038984355
mcomisiones_otras_delta2	8.39282466588176e-05	0.000507012253621663	0.00128238009746089
active_quarter_min6	8.38584624660964e-05	0.000298257747969986	0.000769428058476533
mautoservicio_delta2	8.32371816979703e-05	0.000602303833039707	0.000769428058476533
ctransferencias_recibidas	8.16568854932933e-05	0.000246249107163401	0.00102590407796871
vm_status02	8.08130974493597e-05	0.000163484525946279	0.000512952038984355
ctarjeta_master	8.03845367853203e-05	6.33261357329341e-05	0.000256476019492177
mpayroll_delta2	8.01019239506031e-05	0.00180573079354156	0.00102590407796871
cpagomiscuentas_delta1	7.92283078318304e-05	0.00465226795254911	0.00256476019492177
ccajas_otras	7.89660687288896e-05	0.00082289419216398	0.000256476019492177
Master_mlimitecompra	7.89599039564964e-05	0.000493650122207347	0.000769428058476533
ctarjeta_debito_transacciones_tend6	7.74748860973343e-05	0.000509978416414065	0.00128238009746089
mprestamos_personales_avg6	7.73740468158002e-05	0.000113088556172457	0.000256476019492177
ccomisiones_otras_lag1	7.65604796823247e-05	0.000866465107745576	0.00128238009746089
Visa_mfinanciacion_limite_delta1	7.59421871033138e-05	0.000208581719469596	0.000512952038984355
matm_other_delta2	7.48175658847301e-05	0.00164388773632506	0.00128238009746089
Visa_mpagospesos_lag1	7.36406261097232e-05	0.000244319661463489	0.000769428058476533
ccaja_seguridad_lag2	7.33367814966172e-05	0.000396688276362513	0.000256476019492177
mcaja_ahorro_dolares_delta1	7.3095089545588e-05	0.000303786905796599	0.000769428058476533
mextraccion_autoservicio_lag2	7.20298293340798e-05	0.000485557969346522	0.000769428058476533
mtransferencias_recibidas_lag2	7.17392157109356e-05	9.09143294719749e-05	0.000512952038984355
thomebanking	7.1519204759127e-05	4.14110883055749e-05	0.000256476019492177
Visa_mconsumospesos_lag1	7.08816621968858e-05	0.000656645087304394	0.00128238009746089
foto_mes	7.08754427518797e-05	0.000263383736886501	0.000769428058476533
vmr_mpagominimo_lag2	7.05199965945156e-05	0.00030459324131298	0.00102590407796871
vm_fultimo_cierre	6.95281326681561e-05	0.000272483809142802	0.000512952038984355
vmr_mconsumospesos_delta2	6.95150669583784e-05	0.000253304542931736	0.000512952038984355
Master_cconsumos_lag2	6.94492425254089e-05	0.000567429821956222	0.000512952038984355
mcuentas_saldo_avg6	6.94007489624878e-05	0.000464650841314639	0.000769428058476533
Visa_mfinanciacion_limite_delta2	6.86779714485403e-05	0.000946609098534459	0.00102590407796871
vm_mconsumospesos_lag1	6.82206079255551e-05	0.000362678196189437	0.000769428058476533
ccomisiones_mantenimiento_lag2	6.80021155728353e-05	9.35061222032001e-05	0.000512952038984355
cliente_edad_tend6	6.79562469917986e-05	0.000939812842039247	0.000512952038984355
vmr_mpagominimo_lag1	6.73967933471585e-05	0.000367458613893697	0.00153885611695307
Visa_mconsumospesos_delta1	6.70166252952905e-05	0.00491991374859363	0.00436009233136702
mttarjeta_visa_debitos_automaticos	6.63511607618643e-05	0.000159395252970346	0.000769428058476533
vmr_mpagominimo_delta1	6.62062547773786e-05	0.00121998563628468	0.000769428058476533
vmr_mpagado_lag1	6.61820266810184e-05	0.000210943130624712	0.000512952038984355
ccuenta_debitos_automaticos_lag2	6.53999979840418e-05	0.000242044643399414	0.000512952038984355
thomebanking_lag2	6.52929678126242e-05	0.000144132473553131	0.000512952038984355
mttarjeta_visa_debitos_automaticos_min6	6.47376445025511e-05	0.00019490281338813	0.00102590407796871
mttarjeta_visa_debitos_automaticos_lag1	6.36200527194037e-05	0.000292786185537399	0.000512952038984355
mcaja_ahorro_dolares_max6	6.32598072990938e-05	0.000279222470243988	0.00128238009746089
Visa_msaldopesos_delta2	6.29203735955259e-05	0.000516889863697332	0.00128238009746089
mextraccion_autoservicio_delta1	6.23491809555031e-05	0.00064656589334963	0.00128238009746089
Visa_mconsumototal_lag2	6.12304514074231e-05	5.43700519617006e-05	0.000256476019492177
vm_fultimo_cierre_lag2	6.07308802331551e-05	0.000415176397845253	0.000512952038984355
mpagomiscuentas	6.06809457465336e-05	0.00031104392544403	0.000769428058476533
tcallcenter_lag1	6.04594547383184e-05	0.000664449263195083	0.000512952038984355
Visa_msaldototal_lag2	5.97101618994737e-05	0.000224247666645001	0.000769428058476533
Visa_mconsumosdolares_lag2	5.96069730226166e-05	0.000325759548617986	0.000769428058476533
Master_msaldototal_lag2	5.94915371474678e-05	0.00109275741087854	0.00153885611695307
ctarjeta_debito_transacciones_max6	5.9472782119928e-05	0.00087383731818106	0.00153885611695307
ctransferencias_emitidas	5.89829654585318e-05	4.31677478234053e-05	0.000256476019492177
Visa_mconsumosdolares	5.82039770427875e-05	0.00071807057503443	0.000769428058476533
cpagomiscuentas_delta2	5.722921150956e-05	0.000708221762655774	0.000512952038984355
cliente_antiguedad_lag1	5.65555850228209e-05	8.27645812171226e-05	0.000256476019492177
Visa_msaldopesos_lag1	5.61302525460054e-05	0.000218084959484088	0.00128238009746089
mtarjeta_visa_consumo_avg6	5.58584647500903e-05	0.00030044637294302	0.000769428058476533
matm_other	5.55863921226782e-05	0.000566738677227896	0.000512952038984355
mpasivos_margen_min6	5.55417040521998e-05	0.000246767465709646	0.000769428058476533
ctrx_quarter_normalizado_delta2	5.46589143499837e-05	0.00020797696783231	0.000769428058476533
vm_mconsumototal_delta2	5.41143128681747e-05	0.000208668112560637	0.000512952038984355
Visa_cconsumos_lag2	5.36793765622546e-05	0.000280057603457382	0.000512952038984355
Visa_fultimo_cierre_lag1	5.32563003827633e-05	0.000274182873266605	0.000512952038984355
mtransferencias_recibidas_lag1	5.30657186775095e-05	0.000452958976327112	0.00102590407796871
ctarjeta_visa_transacciones_max6	5.28816990051294e-05	0.000195536362722429	0.000769428058476533
Visa_msaldopesos_delta1	5.2824944707265e-05	0.000352627799931686	0.000512952038984355
vmr_mconsumospesos	5.27003633742431e-05	0.000696702683850329	0.000769428058476533
mtarjeta_visa_consumo_lag1	5.23196281965666e-05	0.000409647240018639	0.000512952038984355
vmr_Master_mlimitecompra_delta1	5.20697953381356e-05	0.000197091438361165	0.000256476019492177
mcuentas_saldo_delta2	5.17083931959481e-05	0.00044656588759009	0.00153885611695307
vm_mpagado_delta1	5.15643111640802e-05	0.000142577397914396	0.000256476019492177
mtransferencias_recibidas	5.12765594519858e-05	0.000568466539048712	0.00102590407796871
Master_mfinanciacion_limite_delta1	5.1224490230536e-05	0.000203340538613118	0.00102590407796871
vm_mfinanciacion_limite_delta2	5.10703493302465e-05	5.1144709896176e-05	0.000256476019492177
vmr_mpagado_delta2	5.09339706303566e-05	0.00159965447371215	0.00102590407796871
cseguro_vivienda_lag2	5.00868217585344e-05	0.000513837307813889	0.000256476019492177
ccomisiones_otras_delta2	4.9563462077701e-05	0.000829344876295029	0.000512952038984355
vm_mpagominimo_lag1	4.9326292075082e-05	0.000124982005039079	0.000769428058476533
mtransferencias_recibidas_delta1	4.93011973360907e-05	0.00111519081685215	0.00205180815593742
vm_msaldototal_delta2	4.90859605309082e-05	0.000323570923644951	0.000256476019492177
vm_mconsumototal_lag2	4.9022601240783e-05	0.000321497489459971	0.000769428058476533
Master_Fvencimiento	4.89951814766363e-05	0.00094565877453301	0.0023082841754296
ccuenta_debitos_automaticos	4.87245557552071e-05	0.000274154075569592	0.000256476019492177
cpagomiscuentas_max6	4.84704388434938e-05	0.000239078480607012	0.000512952038984355
vm_fultimo_cierre_lag1	4.74370902438906e-05	0.00103061198072317	0.000769428058476533
Visa_mpagospesos	4.65499727690555e-05	0.000861166331495071	0.00128238009746089
vm_mconsumospesos	4.64370122399707e-05	0.000939236888098974	0.00179533213644524
mcomisiones_lag1	4.63647262935365e-05	0.00036437726031324	0.00153885611695307
vm_mpagado_lag2	4.59558900653333e-05	5.396688420351e-05	0.000256476019492177
mpayroll_avg6	4.56183329404795e-05	0.00278986329128476	0.00307771223390613
mcheques_depositados_delta2	4.50655900938034e-05	0.00142347016338287	0.000512952038984355
mextraccion_autoservicio_lag1	4.48260518766314e-05	0.000205471568192126	0.00102590407796871
mactivos_margen_lag2	4.41847210078852e-05	0.000276083521269504	0.000769428058476533
Visa_mpagado_lag2	4.40055428462863e-05	0.000277868978484348	0.000769428058476533
Master_mfinanciacion_limite_lag2	4.37249152455304e-05	0.00037091433753533	0.000769428058476533
mttarjeta_master_debitos_automaticos_delta1	4.35644835124282e-05	0.000309517647502308	0.000256476019492177
vm_msaldopesos_delta2	4.31926084615234e-05	0.000791792679389278	0.00102590407796871
mpayroll_sobre_edad_delta2	4.29355955899819e-05	0.000222577400218212	0.00102590407796871
Master_mconsumospesos_lag2	4.234799454432e-05	0.000680835152795829	0.000512952038984355
cprestamos_personales_lag2	4.2115362576534e-05	0.000676717082122882	0.000256476019492177
vm_mlimitecompra_lag2	4.2079679816686e-05	0.00122732904902315	0.000512952038984355
vm_fultimo_cierre_delta2	4.18160268869409e-05	5.31317509901152e-05	0.000256476019492177
ctransferencias_emitidas_lag2	4.16142327104492e-05	4.37437017636775e-05	0.000256476019492177
Visa_mconsumospesos_delta2	4.15192126669631e-05	0.000454427658874807	0.000769428058476533
mtarjeta_visa_consumo_lag2	4.0883541074613e-05	0.000488668120623992	0.000769428058476533
tcallcenter_delta1	4.08065127606858e-05	0.000311389497808193	0.000256476019492177
vmr_Master_mlimitecompra	4.05929432471092e-05	0.00122799139605447	0.00128238009746089
mprestamos_personales_max6	4.05880465713659e-05	0.000116400291329022	0.000512952038984355
cprestamos_personales_lag1	4.05519152871524e-05	0.000676717082122882	0.000256476019492177
ctarjeta_visa_debitos_automaticos_delta1	4.03327427067801e-05	0.00150799140411782	0.00128238009746089
vmr_mconsumospesos_lag1	4.00727770443053e-05	6.51115929477781e-05	0.000256476019492177
Master_mlimitecompra_lag2	3.97930958634724e-05	0.00028187185836924	0.000512952038984355
vm_mpagado	3.93076139778178e-05	0.000527285832319246	0.000256476019492177
cextraccion_autoservicio_delta1	3.90715928303834e-05	0.00130214546586452	0.00128238009746089
vmr_msaldopesos2_delta1	3.90701738877136e-05	0.000176846657360595	0.000769428058476533
mpagomiscuentas_delta2	3.88807678909643e-05	0.00163801300613428	0.00179533213644524
cmobile_app_trx_lag2	3.88720020994839e-05	0.000130223185895556	0.000256476019492177
cpagomiscuentas	3.88582470620808e-05	0.00022447804822111	0.000512952038984355
mprestamos_personales_delta1	3.8748478210638e-05	0.000380302386761768	0.000512952038984355
mcomisiones_mantenimiento_lag1	3.82782059851401e-05	3.75809946027644e-05	0.000256476019492177
Master_mpagominimo	3.63881020219884e-05	4.96760273484817e-05	0.000256476019492177
mautoservicio_lag2	3.63043048502444e-05	0.000442217435341035	0.00153885611695307
vm_msaldototal_lag2	3.62636512394967e-05	0.000654053294573169	0.00128238009746089
mprestamos_personales_tend6	3.59142346369024e-05	0.000280604759700641	0.000512952038984355
mautoservicio_tend6	3.58932290509482e-05	0.000364780428071431	0.000769428058476533
ctransferencias_emitidas_delta2	3.58554600110117e-05	0.000346465092770773	0.000769428058476533
Visa_mlimitecompra_lag2	3.56054005384635e-05	0.000132786180929768	0.000512952038984355
vm_cconsumos_lag1	3.40099019291612e-05	0.000123542120188398	0.000512952038984355
vm_status05_delta2	3.34927908808368e-05	0.00065860333070132	0.000256476019492177
mpayroll_tend6	3.31070231016207e-05	0.00109828656870516	0.00128238009746089
mcuenta_corriente_delta2	3.28466154013771e-05	0.000546580289318367	0.00153885611695307
Visa_msaldototal_delta2	3.26517619021524e-05	0.00110421889428996	0.00153885611695307
mpayroll_sobre_edad_delta1	3.2426636624109e-05	0.000794326876726476	0.000512952038984355
vmr_msaldototal_lag2	3.22917501470231e-05	9.4773220871799e-05	0.000512952038984355
vm_mpagospesos_lag2	3.20168999105399e-05	0.000253592519901872	0.00128238009746089
vm_mconsumospesos_delta1	3.12577716806139e-05	3.94528449086492e-05	0.000256476019492177
Master_fultimo_cierre	3.11199049367182e-05	0.000554874026058287	0.000512952038984355
vmr_mpagado	3.10375462171523e-05	0.000527861786259519	0.000256476019492177
mactivos_margen_max6	3.09798300460821e-05	8.44348476439121e-05	0.000512952038984355
thomebanking_delta2	3.06658532397008e-05	0.000776097934516859	0.000512952038984355
vmr_mconsumospesos_delta1	3.06301179456094e-05	0.0010850396280789	0.00153885611695307
vmr_mpagospesos_lag2	2.97004667896422e-05	0.000444521251102124	0.00102590407796871
cproductos_lag2	2.95565932772402e-05	0.000484751633830141	0.000512952038984355
ctarjeta_debito_max6	2.92418719551998e-05	0.000504017293132247	0.000256476019492177
cseguro_accidentes_personales_lag2	2.9225137260395e-05	0.000352800586113768	0.000256476019492177
mcaja_ahorro_delta2	2.87329006784604e-05	0.000559539252974493	0.00128238009746089
vm_mlimitecompra	2.8664030493286e-05	0.000270410374957822	0.000256476019492177
Visa_mpagado_lag1	2.83107947027128e-05	0.000523369345525395	0.000769428058476533
vm_mpagospesos_lag1	2.83106562581862e-05	0.00041212384196181	0.00128238009746089
chomebanking_transacciones	2.82579346871243e-05	0.000825831557259368	0.000769428058476533
vmr_mconsumototal	2.80502235061633e-05	0.000223585319613688	0.000512952038984355
vmr_Visa_mlimitecompra_lag2	2.80009053270174e-05	5.16054730483938e-05	0.000256476019492177
Visa_Finiciomora	2.77717929522145e-05	0.000385485972224218	0.000256476019492177
cpayroll_trx_lag1	2.77430199665085e-05	0.000604924423467946	0.00102590407796871
Visa_cconsumos	2.76651892329135e-05	0.000481007933218371	0.00128238009746089
cpagomiscuentas_lag1	2.67805652479169e-05	3.87041047862953e-05	0.000256476019492177
Visa_Fvencimiento_lag2	2.65441288323879e-05	6.38444942791791e-05	0.000256476019492177
thomebanking_lag1	2.64142712780453e-05	5.84305272406199e-05	0.000256476019492177
cseguro_accidentes_personales_max6	2.61703603850464e-05	0.000233146155022208	0.000256476019492177
Visa_mconsumototal_lag1	2.58747194924071e-05	0.00021969763051685	0.000769428058476533
mcuenta_debitos_automaticos_max6	2.57395678039497e-05	0.000171519083413077	0.000512952038984355
Visa_mfinanciacion_limite	2.55943067523969e-05	0.000968466550567791	0.000512952038984355
mcuenta_debitos_automaticos_delta2	2.55043976411818e-05	0.00043619871666519	0.000769428058476533
mtarjeta_master_consumo_delta2	2.54798122175756e-05	0.000868423351142501	0.000512952038984355
mpayroll_max6	2.52003895373693e-05	0.00121077037324033	0.00153885611695307
cliente_antiguedad_lag2	2.51104499496488e-05	0.000160403172365822	0.000512952038984355
mpayroll_sobre_edad_lag2	2.50441529918278e-05	0.00038669547549879	0.00102590407796871
Master_fultimo_cierre_lag2	2.4829280536117e-05	0.000931259926026204	0.000769428058476533
ctarjeta_debito_lag2	2.46460879380728e-05	0.00034404608622163	0.000256476019492177
Visa_fultimo_cierre	2.45995765185433e-05	0.000209071280318827	0.000512952038984355
Master_mconsumototal	2.44563287010778e-05	0.000158992085212155	0.000512952038984355
Master_mpagospesos_lag2	2.41875428139201e-05	0.000133131753293931	0.000256476019492177
cproductos_lag1	2.40949185087021e-05	0.000285471570495942	0.000512952038984355
mcaja_ahorro_delta1	2.39010779276871e-05	0.0019033261887207	0.00128238009746089
Visa_msaldototal_delta1	2.36623333183122e-05	0.000774744442757219	0.000769428058476533
mtarjeta_visa_consumo_max6	2.34630923107725e-05	0.000422375822098656	0.000769428058476533
cproductos_max6	2.33158696623037e-05	0.000284175674130329	0.000512952038984355
mplazo_fijo_dolares_delta1	2.31197594388088e-05	0.00297068403083323	0.00179533213644524
Visa_mpagado	2.29825667837373e-05	3.99712034548943e-05	0.000256476019492177
vm_mlimitecompra_delta1	2.29589649301687e-05	0.000109748023318878	0.000256476019492177
mtransferencias_recibidas_delta2	2.23842993550666e-05	0.000668797715444139	0.000769428058476533
ctransferencias_emitidas_lag1	2.21598358935241e-05	0.000133966886507326	0.000512952038984355
active_quarter_avg6	2.1713787830652e-05	0.000117005042966308	0.000512952038984355
vm_msaldototal_lag1	2.13944263053892e-05	0.000966364318685797	0.00128238009746089
matm	2.1164434266055e-05	0.000118963286363234	0.000256476019492177
vm_mfinanciacion_limite	2.10657629412516e-05	0.000604031694860524	0.000769428058476533
ctarjeta_master_avg6	2.04649967343073e-05	5.04535651678493e-05	0.000256476019492177
Visa_mconsumosdolares_delta1	2.030661742241e-05	0.00152227506183658	0.00102590407796871
Master_mpagominimo_lag2	2.02357896400731e-05	6.15694762151037e-05	0.000256476019492177
vm_Fvencimiento_delta1	1.97377729788234e-05	4.00000011519079e-05	0.000256476019492177
catm_trx_delta2	1.97108932061148e-05	0.000676976261396005	0.000769428058476533
mextraccion_autoservicio	1.95388838072406e-05	0.000127832977043426	0.000769428058476533
ctarjeta_debito_transacciones_delta2	1.86139785627841e-05	0.000701137529190426	0.000512952038984355
mpayroll_sobre_edad_lag1	1.85992013011337e-05	0.00374925856729326	0.00282123621441395
mcuenta_debitos_automaticos_delta1	1.85846734230125e-05	0.000380446375246836	0.000512952038984355
vm_mpagominimo_delta2	1.82835936509512e-05	0.00017840173299933	0.000769428058476533
ccuenta_debitos_automaticos_min6	1.78359711659156e-05	4.99352066216042e-05	0.000256476019492177
mplazo_fijo_dolares_delta2	1.77178825444318e-05	0.00167959688062194	0.000769428058476533
cprestamos_personales_avg6	1.71817036593993e-05	6.16270716091309e-05	0.000256476019492177
vmr_mpagospesos_delta1	1.70665040023324e-05	0.000418401739910777	0.00102590407796871
cplazo_fijo_delta1	1.69513392121149e-05	0.00334286546703716	0.00102590407796871
catm_trx_other_lag2	1.69339990703575e-05	0.00372115201500798	0.00153885611695307
vmr_Visa_mlimitecompra	1.63298577706628e-05	0.00113416849918412	0.00153885611695307
Master_msaldototal_lag1	1.63117196129342e-05	7.85313197561215e-05	0.000256476019492177
vm_mfinanciacion_limite_delta1	1.62781593215518e-05	0.000132440608565604	0.000512952038984355
Visa_mpagado_delta2	1.57229199485875e-05	0.000656069133364122	0.000769428058476533
ctarjeta_debito_transacciones_avg6	1.5645079335932e-05	0.00042280778755386	0.00102590407796871
vm_cconsumos_delta1	1.53952897296409e-05	0.00163694749134478	0.00102590407796871
matm_other_lag2	1.48055009681385e-05	6.16558693061445e-05	0.000256476019492177
mttarjeta_master_debitos_automaticos_delta2	1.46294746557382e-05	0.00024233262036955	0.000256476019492177
Visa_mfinanciacion_limite_lag1	1.44415861275099e-05	4.27357823682011e-05	0.000256476019492177
mcomisiones_otras_delta1	1.42918664830244e-05	8.9647230803376e-05	0.000512952038984355
cprestamos_personales_max6	1.38747167973572e-05	0.000334715632389219	0.000256476019492177
vm_mpagominimo_delta1	1.33448039113188e-05	0.000511015133506555	0.000769428058476533
Master_mpagominimo_lag1	1.26829680571582e-05	4.41468695218681e-05	0.000256476019492177
vmr_Visa_mlimitecompra_delta2	1.23004060249738e-05	0.000110899931199422	0.000256476019492177
Master_mconsumototal_lag2	1.22188247360336e-05	0.00054724263634968	0.000256476019492177
ccuenta_debitos_automaticos_tend6	1.18418424147902e-05	0.00187792661995469	0.00128238009746089
ctransferencias_emitidas_delta1	1.16930141681528e-05	0.0011836429426535	0.00102590407796871
mplazo_fijo_dolares_lag2	1.16798999886661e-05	0.000369042487229445	0.000512952038984355
ctarjeta_debito_transacciones	1.14150017277484e-05	0.00263291584256057	0.0023082841754296
cpagomiscuentas_avg6	1.04438675593749e-05	0.000212354217778379	0.000512952038984355
Master_mpagado_delta1	1.04279540028838e-05	0.000211835859232134	0.000256476019492177
vmr_msaldodolares_lag2	1.04185342947418e-05	0.000447257032318417	0.000256476019492177
ctarjeta_visa_transacciones_lag1	1.02193978340557e-05	6.0359972940532e-05	0.000256476019492177
Master_mpagominimo_delta2	9.79665944077132e-06	5.0251981288754e-05	0.000256476019492177
vmr_mconsumosdolares_delta2	9.62858816766105e-06	9.66162734806702e-05	0.000256476019492177
mplazo_fijo_dolares_max6	9.61304860920905e-06	0.000232541403384922	0.000256476019492177
vm_mpagospesos_delta1	9.47708861621656e-06	0.000134917210508775	0.000256476019492177
vmr_mpagado_lag2	9.40164876804501e-06	7.42692605981069e-05	0.000256476019492177
ccaja_ahorro_min6	9.26899141875006e-06	0.00111366453891043	0.000512952038984355
Visa_mlimitecompra_delta1	9.22350641658653e-06	0.000943239767983867	0.000512952038984355
ctransferencias_recibidas_delta1	9.06252116680811e-06	0.000540331189066413	0.000512952038984355
vm_mconsumototal	8.80432206907637e-06	0.000407487412742618	0.000769428058476533
ctarjeta_master_transacciones_max6	8.14997675473511e-06	9.17782603823833e-05	0.000256476019492177
ctarjeta_visa_transacciones_lag2	8.09315345359753e-06	0.0004131605590543	0.000512952038984355
ctarjeta_debito_tend6	7.99485697091193e-06	0.000226580280103104	0.000256476019492177
ccheques_depositados_lag1	7.89797570796343e-06	5.60691160855037e-05	0.000256476019492177
ccheques_depositados_delta1	7.82809992990989e-06	0.000696155527607071	0.000256476019492177
mautoservicio_delta1	7.35587738082927e-06	0.000708164167261747	0.000769428058476533
cliente_antiguedad	7.00688994821226e-06	0.000361382299823824	0.000769428058476533
cplazo_fijo_delta2	6.15840529735108e-06	0.000513894903207917	0.000256476019492177
mtransferencias_emitidas_delta1	6.03692452835974e-06	0.000516573089030183	0.00102590407796871
vm_mconsumosdolares	5.83099526539376e-06	0.000369388059593609	0.000512952038984355
Visa_mconsumosdolares_lag1	5.68122328716892e-06	0.000122015842246677	0.000512952038984355
Master_mpagado_delta2	5.48372436047316e-06	0.000495205197846082	0.000256476019492177
vmr_mpagospesos_lag1	5.38269494361018e-06	0.000122937368551112	0.000512952038984355
Visa_mconsumospesos_lag2	5.36264121638273e-06	0.000176933050451636	0.000512952038984355
Visa_mpagosdolares_lag1	5.31295307802486e-06	0.000754442066362623	0.000512952038984355
Master_cconsumos_delta2	5.24448153356088e-06	6.08207360927498e-05	0.000256476019492177
mrentabilidad_annual_lag1	4.50390274653025e-06	0.000711159127751163	0.00205180815593742
vm_mpagosdolares	4.04238051670226e-06	0.000358329743940381	0.000256476019492177
catm_trx_delta1	3.92183228057626e-06	0.000562620606554949	0.000256476019492177
catm_trx_lag1	3.80609897789024e-06	0.000422865382947887	0.000512952038984355
ctarjeta_master_max6	3.79377056486168e-06	0.000301137517671347	0.000256476019492177
cpagomiscuentas_lag2	3.76827433458179e-06	0.000579265675428817	0.000769428058476533
ctarjeta_debito_transacciones_lag1	3.53116284282008e-06	0.000150986325442371	0.000769428058476533
cseguro_vida_avg6	3.46832539440502e-06	9.34197291121592e-05	0.000256476019492177
mplazo_fijo_dolares_tend6	3.45080752312661e-06	0.000206767464557738	0.000256476019492177
ctransferencias_recibidas_delta2	3.35032552885878e-06	0.000768812117172415	0.000256476019492177
ctarjeta_debito_transacciones_delta1	3.03201983553063e-06	0.00028944565268382	0.000256476019492177
Master_mpagado_lag2	2.87195148377579e-06	0.000338891298456193	0.000256476019492177
vmr_mconsumosdolares_lag2	2.48435643710801e-06	0.000405327585466597	0.000512952038984355
mpagomiscuentas_delta1	2.44399734063477e-06	0.0001986465139999	0.000512952038984355
ccajas_consultas_delta2	2.31038295943959e-06	0.000748336954595737	0.000256476019492177
vmr_Master_mlimitecompra_lag1	2.29651039333049e-06	0.000505917941135146	0.000256476019492177
vmr_mpagosdolares_delta1	2.24572145125161e-06	0.000265428373374467	0.000256476019492177
cextraccion_autoservicio_lag2	2.21622888482062e-06	4.61339106158074e-05	0.000256476019492177
mpagomiscuentas_lag1	1.8989153078879e-06	9.48308162658262e-05	0.000256476019492177
cpagomiscuentas_min6	1.70364427928454e-06	0.000692354231601274	0.000512952038984355
mcuenta_debitos_automaticos_tend6	1.60549688393898e-06	0.000654312473846292	0.000512952038984355
mttarjeta_master_debitos_automaticos_tend6	1.59861065940737e-06	0.000347904977621454	0.000256476019492177
ccomisiones_otras_delta1	1.33421381648234e-06	0.000468336946532382	0.000256476019492177
Visa_msaldodolares_lag2	1.26175440923722e-06	0.000335809944875736	0.000256476019492177
Visa_mconsumosdolares_delta2	1.23983475030698e-06	0.000772066256934954	0.000512952038984355
Visa_fultimo_cierre_delta1	1.19201350043241e-06	0.000176097917238241	0.000512952038984355
Master_mpagosdolares	1.14469416393106e-06	4.29373662472964e-05	0.000256476019492177
vm_mlimitecompra_lag1	9.95646522469107e-07	0.000717005060244926	0.000256476019492177
Master_cconsumos	9.62578036334502e-07	7.53059776905969e-05	0.000256476019492177
mcuenta_debitos_automaticos_min6	9.3255196932493e-07	0.000215118796691686	0.000512952038984355
mpagomiscuentas_lag2	8.6912678337755e-07	0.000260935932640344	0.000256476019492177
Visa_madelantopesos_delta2	8.18948642336786e-07	0.00031766739575716	0.000256476019492177
mplazo_fijo_dolares	7.98212660970877e-07	0.000533074169418983	0.000256476019492177
vm_cconsumos	7.79948062080865e-07	0.000132555799353659	0.000512952038984355
mplazo_fijo_dolares_min6	7.19823440803981e-07	0.00107219585521082	0.000512952038984355
vm_mconsumototal_delta1	7.11092331174155e-07	4.38876902487456e-05	0.000256476019492177
catm_trx_other_delta2	6.32345442860885e-07	0.000485730755528604	0.000256476019492177
Visa_mconsumototal	6.01863617862399e-07	0.000148711307378295	0.000769428058476533
cextraccion_autoservicio	5.25622445775227e-07	0.000153664511264637	0.000512952038984355
mpayroll_lag2	4.7181433520909e-07	0.000710525578416863	0.00128238009746089
mtarjeta_visa_descuentos_lag1	4.69615849439341e-07	0.000721871871040227	0.000256476019492177
Visa_mlimitecompra	4.1882425208229e-07	0.000678646527822794	0.000256476019492177
Master_msaldototal_delta1	3.28023402033597e-07	6.79913626491393e-05	0.000256476019492177
catm_trx_other_lag1	2.84592518711861e-07	0.000441151920551531	0.000256476019492177
cpayroll_trx_delta2	2.51111245644214e-07	0.000629172084353408	0.000256476019492177
vm_mconsumototal_lag1	2.15089785477067e-07	8.71418311631917e-05	0.000256476019492177
matm_lag2	1.95923639390416e-07	0.000196947449876096	0.000256476019492177
ctransferencias_recibidas_lag1	1.48982913615344e-07	4.46364303710995e-05	0.000256476019492177
vm_mconsumosdolares_delta1	1.48306535912184e-07	0.000136904251602714	0.000256476019492177
matm_lag1	9.35253504531846e-08	7.24838033832629e-05	0.000256476019492177
Visa_delinquency_delta2	2.02102131627737e-08	0.000528236156320696	0.000256476019492177
vm_status01_delta1	7.38544539416016e-09	0.000514758834118325	0.000256476019492177
Visa_msaldodolares	5.47624121526126e-09	0.000518473737033081	0.000256476019492177
ccaja_ahorro_lag2	5.25172286569186e-09	0.00368434855822458	0.0023082841754296
vm_status04_lag1	4.64467630978618e-09	0.000346436295073759	0.000256476019492177
ctarjeta_visa_lag1	4.11740295024797e-09	0.000281641476793131	0.000256476019492177
Visa_status_delta1	3.37491092902128e-09	0.000515219597270543	0.000256476019492177
ccaja_ahorro_lag1	3.33740723964578e-09	0.00218741546975998	0.00128238009746089
Master_Fvencimiento_delta2	6.25353887307358e-10	5.63858907526535e-05	0.000256476019492177
ccuenta_debitos_automaticos_max6	4.32023204249203e-10	4.88984895291142e-05	0.000256476019492177
vm_mpagado_lag1	3.95121579560326e-10	4.66522691620524e-05	0.000256476019492177
mtarjeta_master_consumo_lag2	3.66634768771907e-10	0.000317379418787024	0.000256476019492177
Visa_Fvencimiento_delta2	3.38788333848605e-10	8.25054019440001e-05	0.000256476019492177
vmr_Visa_mlimitecompra_delta1	2.1357962339187e-10	0.000275795544299368	0.000256476019492177
Visa_mpagosdolares_delta2	1.87208482344026e-10	7.74946026636315e-05	0.000256476019492177
ccallcenter_transacciones_lag2	1.5995827111387e-10	0.00108999283196524	0.000769428058476533
Visa_status_delta2	1.53334046508586e-10	0.000335781147178723	0.000256476019492177
vm_mconsumosdolares_lag2	7.23230776018998e-11	0.000107041039799598	0.000256476019492177
Master_mfinanciacion_limite_lag1	7.01860896299626e-11	4.96184319544545e-05	0.000256476019492177
Master_mconsumototal_lag1	5.06755348267375e-11	8.90712768631037e-05	0.000256476019492177
mautoservicio_min6	2.74858668226332e-11	0.000213218148688788	0.000769428058476533
Master_cconsumos_delta1	2.26833234781344e-11	5.37653003244147e-05	0.000256476019492177
vm_msaldopesos_delta1	8.46554233765485e-12	0.000448610524078057	0.000512952038984355
Visa_mconsumototal_delta1	6.60587070800014e-12	0.000255809942571921	0.000256476019492177
vm_msaldopesos_lag1	5.39152490978965e-12	0.000217509005543816	0.000256476019492177
catm_trx_lag2	4.96136137849851e-12	3.71490291475602e-05	0.000256476019492177
Master_cconsumos_lag1	3.26303905713693e-12	0.00011072714501734	0.000256476019492177
