Feature	Gain	Cover	Frequency
azar_under	0.522125516258764	0.0839272421655244	0.0470249520153551
ctrx_quarter_normalizado	0.180324425636782	0.0103953151797441	0.00767754318618042
mpasivos_margen_max6	0.0494899531812259	0.0042645794814191	0.00479846449136276
mcaja_ahorro	0.0262092887159472	0.0116700868094837	0.0105566218809981
mpayroll_sobre_edad	0.017748341169208	0.0086997337744319	0.00479846449136276
mpasivos_margen	0.0171768295388737	0.00470116230187047	0.00767754318618042
cpayroll_trx	0.01540360277864	0.00575649196771287	0.00287907869481766
mpayroll	0.0124842783536709	0.00813520938570643	0.00383877159309021
mtarjeta_visa_consumo	0.0100351993792196	0.0110190407846592	0.00767754318618042
mprestamos_personales_lag1	0.00947925967461278	0.00237281821553226	0.00191938579654511
cpayroll_trx_min6	0.00882585779879959	0.00346475640728696	0.00191938579654511
vm_msaldototal	0.007331214253593	0.00147446590880184	0.00191938579654511
Visa_status	0.00675149867228491	0.00100914016571989	0.000959692898272553
mcuentas_saldo	0.00650866447776369	0.0241348087419988	0.0153550863723608
mcomisiones_min6	0.00642947742714548	0.0116446909520794	0.0105566218809981
mcaja_ahorro_avg6	0.00619122125012544	0.00220479554117359	0.00383877159309021
cpayroll_trx_lag1	0.00451270764046853	0.00179720667324477	0.000959692898272553
vmr_msaldototal_lag1	0.00423253795400584	0.000498796395344634	0.000959692898272553
mcomisiones_avg6	0.00417957297782202	0.0123516748044979	0.00863723608445298
ccomisiones_mantenimiento_delta2	0.00279982818391032	0.00676625970816269	0.00383877159309021
vm_msaldopesos	0.00276102899878117	0.000793798356724857	0.000959692898272553
mrentabilidad_annual_avg6	0.00270113064429416	0.00166629458458235	0.00383877159309021
mcomisiones_mantenimiento_delta2	0.00266926888791566	0.00661476316835872	0.00479846449136276
mrentabilidad_annual_max6	0.00233218493659446	0.00326556418800867	0.00479846449136276
cproductos_delta2	0.00166091340805379	0.0109825577736929	0.00479846449136276
mprestamos_personales_min6	0.00135957826944601	0.00369474162664692	0.00191938579654511
Master_fultimo_cierre_delta1	0.00113650971350431	0.000393280164086526	0.000959692898272553
mprestamos_personales	0.0010500821432167	0.0188077034045009	0.00959692898272553
cdescubierto_preacordado_avg6	0.00101618575371749	0.00385167714744358	0.00191938579654511
cprestamos_personales	0.00097959369957606	0.00731409060907215	0.00575815738963532
cproductos_tend6	0.000929325675444345	0.0133080986929041	0.00671785028790787
ctarjeta_visa_transacciones_delta2	0.000811479231329981	0.00769611626633535	0.00575815738963532
mcomisiones_tend6	0.000799777615068729	0.00770096951091344	0.00863723608445298
ctrx_quarter	0.000790317913953945	0.00201727621187191	0.000959692898272553
vm_status02	0.000786757133961624	0.000849903537580179	0.000959692898272553
mautoservicio	0.000726274972971479	0.00650945612867725	0.00863723608445298
Visa_msaldototal	0.000698743181077263	0.000322866279388906	0.000959692898272553
cdescubierto_preacordado_min6	0.000673164216816522	0.00958737547243826	0.00479846449136276
mrentabilidad_delta1	0.000670082228324377	0.00635900554675649	0.0105566218809981
mtarjeta_visa_consumo_tend6	0.000650837307140716	0.00373063890119865	0.00575815738963532
mpayroll_min6	0.000650440742735685	0.0018974512767715	0.000959692898272553
ctrx_quarter_lag1	0.000617491521015583	0.000794007548301498	0.00191938579654511
mpasivos_margen_min6	0.000563038723625376	0.00607220389518063	0.00959692898272553
mcuenta_corriente_avg6	0.00054613281840828	0.00901071797226756	0.00575815738963532
mactivos_margen_delta2	0.000542475490203379	0.00887143822053947	0.00671785028790787
mrentabilidad_annual_tend6	0.00054241016807989	0.00414383410338147	0.00671785028790787
mrentabilidad_annual	0.00053757230985621	0.00466547421889539	0.00671785028790787
mcuentas_saldo_tend6	0.000535970077060456	0.00390652717883905	0.00575815738963532
mactivos_margen	0.000508667932739031	0.00641770470316217	0.00767754318618042
ctrx_quarter_normalizado_delta1	0.000507271458157575	0.00304557832601219	0.00479846449136276
vm_fechaalta_lag1	0.000498356673227238	0.00181373280779947	0.00191938579654511
Visa_fechaalta	0.000480109000820038	0.00304553648769686	0.00671785028790787
mcomisiones_mantenimiento_delta1	0.00047552020822513	0.00370804621092134	0.00191938579654511
mactivos_margen_min6	0.000474130549387345	0.00533204225870672	0.00479846449136276
mcuenta_corriente_min6	0.000461964270008303	0.00189556855258173	0.00383877159309021
ccajas_transacciones	0.000444468947891311	0.0103177887814407	0.00479846449136276
mrentabilidad_delta2	0.000442692957674893	0.00334438757408729	0.00767754318618042
mrentabilidad_annual_min6	0.000430524741910926	0.00662597583686672	0.00671785028790787
ccomisiones_otras_lag2	0.000400238203048141	0.00457803213985913	0.00575815738963532
mrentabilidad_min6	0.000397380190749458	0.00572846029644287	0.00575815738963532
cprestamos_personales_tend6	0.000397264635548616	0.00224132039045524	0.000959692898272553
mrentabilidad_annual_lag2	0.000396190547223869	0.00491282233911662	0.00575815738963532
mtarjeta_master_consumo	0.000389597027061125	0.00241716682978031	0.00191938579654511
mpasivos_margen_lag2	0.000389356168482145	0.0035394796384634	0.00383877159309021
Visa_msaldodolares_delta2	0.000384382983905014	0.00210011607622205	0.00191938579654511
mcomisiones_mantenimiento	0.000384357711521983	0.00421671644868347	0.00479846449136276
mcuentas_saldo_min6	0.000384198488281325	0.0045580752634475	0.00383877159309021
chomebanking_transacciones_delta2	0.000381346319769495	0.00724740033443876	0.00575815738963532
Visa_mpagominimo	0.00038121889028287	0.00452293107857169	0.00575815738963532
mcuentas_saldo_lag2	0.000375466693232123	0.00313854306267179	0.00383877159309021
mcaja_ahorro_min6	0.000368686299125326	0.0035095234046883	0.00575815738963532
Visa_fechaalta_lag1	0.000364549240589766	0.00161813868363941	0.00383877159309021
chomebanking_transacciones_delta1	0.000363260309905891	0.00697068171685703	0.00575815738963532
Master_fechaalta	0.000358410861228899	0.00219471250717945	0.00383877159309021
cliente_edad	0.000347870133327678	0.0049874618936624	0.00479846449136276
mautoservicio_lag1	0.000346683918377885	0.00274735481435168	0.00287907869481766
mactivos_margen_avg6	0.000339949828113245	0.00336769151572518	0.00383877159309021
vm_fechaalta	0.000333356624156437	0.00324535628170508	0.00383877159309021
ccallcenter_transacciones_delta1	0.000325169200212878	0.00203794433964411	0.000959692898272553
vm_mpagado_lag2	0.000324426290928486	0.00207200072832139	0.00287907869481766
vm_status02_delta2	0.000323615418448164	0.00215806214295182	0.00191938579654511
vm_fechaalta_lag2	0.000323292983254822	0.00258422722288643	0.00287907869481766
mcuenta_corriente_lag2	0.000322256268966014	0.0053532542845782	0.00479846449136276
Visa_fechaalta_lag2	0.000314113083738699	0.00287132174266959	0.00479846449136276
vm_cconsumos_lag1	0.000313761381427329	0.00288554676988123	0.00287907869481766
Visa_cconsumos_lag1	0.000308609719679499	0.00239377921151176	0.00479846449136276
mcuenta_corriente_delta1	0.000305543984172485	0.00451891460030017	0.00479846449136276
Visa_mconsumospesos_lag1	0.000299730809065518	0.00300097868187216	0.00479846449136276
mcuenta_debitos_automaticos	0.000299099308166973	0.00469434265647195	0.00383877159309021
vm_cconsumos_lag2	0.00029887217744286	0.00262451752054763	0.00287907869481766
chomebanking_transacciones_lag1	0.00029761771170031	0.00342224867891336	0.00479846449136276
mcaja_ahorro_dolares_tend6	0.000297355015337065	0.00129372438658336	0.00191938579654511
chomebanking_transacciones_lag2	0.00029623019553418	0.00148835622949086	0.00287907869481766
ctrx_quarter_delta2	0.000295558001943105	0.0035762136793217	0.00383877159309021
Visa_mpagospesos_delta1	0.000292178453124615	0.00167424386449473	0.00287907869481766
Visa_cconsumos_delta1	0.000285058832536382	0.0016538267666145	0.00191938579654511
Visa_mpagospesos	0.000284270787113183	0.00306047276626908	0.00479846449136276
ctarjeta_visa_transacciones_delta1	0.000281468943529001	0.00366198222574482	0.00287907869481766
ctarjeta_visa_transacciones	0.00028066057058132	0.00581782693798424	0.00383877159309021
cmobile_app_trx_lag1	0.000279866785267503	0.00175139371796022	0.00287907869481766
mactivos_margen_delta1	0.000279614952836788	0.005545375828566	0.00383877159309021
cliente_edad_max6	0.000279307160989786	0.00367963799481339	0.00479846449136276
Visa_cconsumos_lag2	0.000278312015735674	0.00234541411899219	0.00383877159309021
Visa_mconsumospesos_delta1	0.000276083866087637	0.00235516244646369	0.00383877159309021
Master_fechaalta_lag2	0.000268554142586631	0.00380067624105832	0.00575815738963532
Visa_mconsumospesos	0.000267629205967032	0.00340911144790025	0.00383877159309021
mautoservicio_max6	0.000266081904918271	0.00284354110129157	0.00287907869481766
mactivos_margen_lag2	0.000263153500660919	0.00216132553154743	0.00383877159309021
mautoservicio_delta1	0.000260768220754374	0.00363888747568357	0.00383877159309021
Master_fechaalta_lag1	0.000258148412410548	0.00453975008133369	0.00479846449136276
vm_mpagominimo_lag2	0.000257326144470576	0.00458849171869122	0.00479846449136276
vm_mconsumototal_lag2	0.000252939332181896	0.00539459054012261	0.00383877159309021
mttarjeta_visa_debitos_automaticos_max6	0.000252545176964952	0.00354487678114076	0.00383877159309021
ctarjeta_visa_transacciones_tend6	0.000251097020028934	0.00121833174236166	0.00191938579654511
vmr_msaldototal_delta2	0.000250779326418895	0.00136175348730726	0.00191938579654511
Master_Fvencimiento_lag2	0.000249983294537188	0.00232273775208422	0.00383877159309021
vm_status05	0.000243314053592875	0.0018940623732299	0.00287907869481766
ccomisiones_mantenimiento_delta1	0.000242933136864468	0.00353922860857143	0.00191938579654511
vm_mpagominimo	0.000242250728315906	0.0005794606672977	0.000959692898272553
mcaja_ahorro_dolares_max6	0.000241628862663965	0.00167884607918085	0.00191938579654511
mtransferencias_emitidas_lag1	0.000238710044716585	0.00490830380106115	0.00479846449136276
mtarjeta_visa_consumo_min6	0.000236232070545528	0.00192134095482399	0.00287907869481766
mcuenta_debitos_automaticos_min6	0.000234947849824363	0.00239022295470885	0.00191938579654511
ctrx_quarter_normalizado_lag1	0.000234629927341456	0.00496947141807121	0.00383877159309021
mttarjeta_visa_debitos_automaticos_tend6	0.000232566555430142	0.00649008498868023	0.00575815738963532
Master_msaldototal_delta2	0.000228391145067071	0.00433327799518826	0.00191938579654511
mcuenta_debitos_automaticos_tend6	0.000227945430213584	0.00530434529395935	0.00287907869481766
mttarjeta_visa_debitos_automaticos_avg6	0.000225056696249566	0.00200422265748946	0.00191938579654511
Visa_mfinanciacion_limite_lag2	0.000220539811896079	0.00125640460931046	0.00191938579654511
azar_sampling	0.000219395209647515	0.00227269912695151	0.00287907869481766
mcomisiones_max6	0.000218188915620761	0.00156818373513736	0.00383877159309021
mtransferencias_recibidas	0.000218068340274243	0.00205187649864846	0.00287907869481766
mpasivos_margen_tend6	0.000217166087289788	0.0016806869650553	0.00287907869481766
vmr_Visa_mlimitecompra	0.000215725663847529	0.0020103310515274	0.00287907869481766
vmr_msaldopesos	0.000215051554951926	0.00160408100968908	0.00191938579654511
mtransferencias_emitidas_lag2	0.000213486733082804	0.00199472535990992	0.00191938579654511
mcomisiones_otras_delta2	0.000210279561671925	0.00168420138354288	0.00287907869481766
mtransferencias_recibidas_lag1	0.000209284982577013	0.0016305228249766	0.00383877159309021
mv_status07	0.000207423577608463	0.00200275831645297	0.000959692898272553
vmr_msaldototal	0.000204160308252983	0.000777481413746799	0.000959692898272553
mcuentas_saldo_delta2	0.000202455345418593	0.00267200400844532	0.00479846449136276
cpagomiscuentas_max6	0.000192809689615585	0.00174390465951644	0.00287907869481766
cliente_edad_lag2	0.000191202990034544	0.0022598547641457	0.00287907869481766
mcaja_ahorro_max6	0.000190875650637702	0.00348621946305041	0.00383877159309021
ctarjeta_visa_debitos_automaticos_tend6	0.000188475078409777	0.00120996407929599	0.00191938579654511
Master_Fvencimiento_lag1	0.00018844992648615	0.00148111820093905	0.00191938579654511
ctarjeta_visa_debitos_automaticos_max6	0.000186174857900123	0.00117494540936616	0.00191938579654511
mtarjeta_master_consumo_max6	0.000184181555906789	0.00342258338543598	0.00191938579654511
cliente_edad_min6	0.000183084613421553	0.0013538460457102	0.00287907869481766
mcaja_ahorro_tend6	0.000182105775359303	0.00230876375476455	0.00191938579654511
vm_mpagospesos_delta2	0.000181660924802042	0.000486872475476053	0.000959692898272553
Master_mfinanciacion_limite_lag2	0.000179723913488357	0.00155203414542061	0.00287907869481766
Master_mfinanciacion_limite_delta2	0.000178824726195742	0.00185954576308401	0.00191938579654511
cliente_edad_avg6	0.000178577579635856	0.00192096440998604	0.00191938579654511
Visa_Fvencimiento	0.000175710802409764	0.000725058004640371	0.00191938579654511
mextraccion_autoservicio_delta2	0.000174645751551828	0.00600819127272825	0.00287907869481766
Visa_mpagado_lag2	0.000172219816596318	0.000696315082009792	0.00191938579654511
chomebanking_transacciones	0.000172172960899515	0.00153521514265861	0.00287907869481766
ctarjeta_visa_debitos_automaticos_delta2	0.000170508642573892	0.00251565422406326	0.00191938579654511
Visa_mpagominimo_lag2	0.000169424387475418	0.00398246372116001	0.00191938579654511
cdescubierto_preacordado	0.000167713424256949	0.00403254418460805	0.00191938579654511
ccomisiones_otras_lag1	0.000167091076767391	0.00145262630820044	0.00191938579654511
ccallcenter_transacciones_delta2	0.000166716544387414	0.00448264078091048	0.00191938579654511
Visa_mlimitecompra_delta1	0.000166497245030326	0.00171641688634571	0.00287907869481766
cseguro_vivienda_avg6	0.000165913351194119	0.00605182863561572	0.00287907869481766
ctarjeta_debito_transacciones_avg6	0.000165615554466192	0.00173787994210916	0.00191938579654511
ctransferencias_emitidas_lag1	0.000165155947631899	0.00170181531429612	0.00287907869481766
cliente_antiguedad	0.000164508845734749	0.00105922062916793	0.00191938579654511
Visa_mconsumospesos_lag2	0.000163521551422315	0.000618370300553069	0.00191938579654511
ctarjeta_debito_avg6	0.000162071927893049	0.00199664992241503	0.00383877159309021
Visa_Fvencimiento_lag2	0.000161873359599448	0.000752336586234458	0.00191938579654511
mcuentas_saldo_lag1	0.000161625839615408	0.00204183530296965	0.00287907869481766
cmobile_app_trx	0.000159926237224511	0.00480680404807457	0.00287907869481766
vmr_mpagominimo	0.000158570031469054	0.000670668194713511	0.00191938579654511
vmr_msaldopesos2_lag2	0.000158257898566268	0.0028278098947281	0.00383877159309021
mcuenta_corriente_tend6	0.000155932283708436	0.00152450453393456	0.00191938579654511
mrentabilidad_annual_delta1	0.000155823662452057	0.0032191236579942	0.00287907869481766
Visa_mfinanciacion_limite_delta2	0.000154762954155647	0.00195995771987206	0.00191938579654511
mcaja_ahorro_delta2	0.00015427320988413	0.00117063606288734	0.00287907869481766
Master_fultimo_cierre_lag1	0.000153685071924316	0.0018487514777293	0.00383877159309021
mcomisiones	0.000153276701933006	0.00107444977594745	0.00287907869481766
mrentabilidad_max6	0.000152368126423793	0.00134142006605768	0.00287907869481766
ctarjeta_visa_debitos_automaticos_lag2	0.000149408798643376	0.0013958935526152	0.000959692898272553
vmr_msaldopesos2_delta1	0.000148140072013095	0.00213906754779274	0.00191938579654511
mcaja_ahorro_dolares_lag1	0.000147539598445623	0.00175038959839234	0.00287907869481766
mrentabilidad_tend6	0.000147250407036394	0.00253824691434057	0.00287907869481766
Visa_mconsumospesos_delta2	0.000147113986760977	0.000434992964468894	0.000959692898272553
tcallcenter	0.000147091882460281	0.00179406879959514	0.000959692898272553
mcuenta_corriente_delta2	0.000146038127682986	0.00382724357129182	0.00191938579654511
ctransferencias_emitidas	0.000145415430861156	0.00296357522796861	0.00287907869481766
Master_Fvencimiento	0.000141764432797953	0.00154952384650091	0.00191938579654511
Visa_mfinanciacion_limite_delta1	0.000140082132894747	0.000825720991320391	0.00191938579654511
vm_Fvencimiento_delta2	0.000140061245234034	0.00166152501663491	0.00191938579654511
mrentabilidad_avg6	0.000140004906370624	0.00253678257330408	0.00191938579654511
mcomisiones_otras	0.000139692591272989	0.0012172021078478	0.00191938579654511
vm_mfinanciacion_limite_delta1	0.000138474150421049	0.000692758825206882	0.00191938579654511
mautoservicio_avg6	0.000138359268287129	0.000691503675747032	0.00191938579654511
ctrx_quarter_normalizado_lag2	0.000137616721886692	0.00254870649317266	0.00287907869481766
Visa_cconsumos_delta2	0.00013679947973893	0.00211919434801178	0.00383877159309021
Visa_fultimo_cierre_delta2	0.000136695784142881	0.000950482847629541	0.00191938579654511
ctrx_quarter_delta1	0.000135986236090521	0.0017814754666813	0.00287907869481766
mcomisiones_mantenimiento_lag2	0.000135619202308464	0.00069280066352221	0.00191938579654511
cpagomiscuentas_tend6	0.000135302068834656	0.00250891825529539	0.00191938579654511
mttarjeta_visa_debitos_automaticos_lag2	0.00013464842599185	0.00189653083383428	0.00191938579654511
mactivos_margen_lag1	0.000134538127338265	0.000651338893031812	0.00191938579654511
vm_msaldototal_delta2	0.000133075985065403	0.000975041938727285	0.00191938579654511
mpasivos_margen_delta2	0.000131268014382876	0.00136706695335396	0.00287907869481766
foto_mes	0.00013125863210102	0.00094416526201496	0.00191938579654511
mextraccion_autoservicio_lag2	0.000129821659820695	0.00103980765085558	0.00191938579654511
vmr_Master_mlimitecompra_lag2	0.000129753317177642	0.00217023709271237	0.00191938579654511
Visa_mconsumototal_lag2	0.000128943480648198	0.00139263016401958	0.00191938579654511
mrentabilidad_annual_lag1	0.000128076356637534	0.000909732328499725	0.00191938579654511
Visa_mfinanciacion_limite_lag1	0.000127852756879711	0.00144911188971286	0.00191938579654511
Master_mconsumospesos	0.000126129548962791	0.00182716290701987	0.000959692898272553
mpayroll_delta2	0.000125029944324719	0.00268330035358397	0.00191938579654511
cseguro_vivienda	0.000122131031541035	0.00201727621187191	0.000959692898272553
mpasivos_margen_avg6	0.000121013410693301	0.00179791792460535	0.00191938579654511
mcomisiones_delta2	0.000119895338122801	0.000747650694917682	0.00191938579654511
ccomisiones_mantenimiento	0.000119433210675472	0.000893248032260354	0.000959692898272553
mcomisiones_otras_lag1	0.000119349729296778	0.00141923933256842	0.00191938579654511
Master_fechaalta_delta1	0.000117887776747478	0.000396501714366809	0.000959692898272553
ctransferencias_recibidas_lag1	0.000117413702738724	0.00211174712788333	0.00191938579654511
mtarjeta_visa_consumo_delta1	0.000116994750953396	0.00106047577862778	0.000959692898272553
vm_mpagospesos_lag1	0.000116614556981415	0.000527330126398571	0.000959692898272553
cseguro_accidentes_personales_lag2	0.000114864947374548	0.00290169635959798	0.00191938579654511
mtransferencias_emitidas_delta1	0.000114528696993271	0.00376578308607447	0.00191938579654511
cmobile_app_trx_lag2	0.000113713774065478	0.00186791342614968	0.000959692898272553
cextraccion_autoservicio_delta2	0.000111505548402919	0.00323723964853137	0.00191938579654511
Master_mpagado_lag1	0.000109693128251144	0.00074032898973522	0.000959692898272553
mcuenta_corriente_max6	0.000109083453090923	0.00292361963683003	0.00191938579654511
Visa_mpagospesos_lag1	0.000108747527950037	0.000604019758395444	0.00191938579654511
vm_mfinanciacion_limite_lag2	0.000108098149370145	0.000298516379867804	0.000959692898272553
vm_mconsumospesos	0.000106633531656524	0.00258966620387911	0.00191938579654511
vmr_mconsumototal_lag1	0.000106629171026087	0.000508251854608842	0.000959692898272553
mcaja_ahorro_dolares_lag2	0.000106273906127834	0.00125481475332799	0.00191938579654511
ctarjeta_master_transacciones_max6	0.000105910269300979	0.00138505742894515	0.000959692898272553
Visa_msaldopesos_delta1	0.000105770596621646	0.00068062571376166	0.00191938579654511
Visa_msaldodolares	0.000105480409916588	0.00104838450549789	0.000959692898272553
vm_mconsumospesos_lag2	0.000104241689723928	0.000998011173842551	0.00191938579654511
vm_msaldototal_lag2	0.000101817402050773	0.000964331330003227	0.00191938579654511
Visa_mpagospesos_delta2	0.000100324542629804	0.000783380616208097	0.00191938579654511
Master_msaldopesos_delta2	9.93925181035658e-05	0.000705142966544075	0.000959692898272553
mttarjeta_visa_debitos_automaticos_delta2	9.85669224725484e-05	0.00380632441362764	0.00191938579654511
mcuentas_saldo_delta1	9.79173903069159e-05	0.000426081403303955	0.000959692898272553
vm_mpagominimo_delta2	9.69407069622612e-05	0.000829235409807972	0.00191938579654511
mcaja_ahorro_lag1	9.67087217241536e-05	0.000748612976170235	0.00191938579654511
mprestamos_personales_delta2	9.65630622124243e-05	0.00448264078091048	0.00191938579654511
mtransferencias_emitidas_delta2	9.6064516875678e-05	0.00131778141789716	0.00191938579654511
vm_msaldopesos_lag2	9.56839103302369e-05	0.000611634331785204	0.000959692898272553
mtarjeta_visa_consumo_avg6	9.53661685364363e-05	0.000374578437134752	0.000959692898272553
mpayroll_sobre_edad_delta2	9.50391332995908e-05	0.000844088011749538	0.000959692898272553
Visa_msaldototal_lag2	9.37337448495979e-05	0.000341986389493964	0.000959692898272553
vmr_mpagominimo_delta1	9.33551168498731e-05	0.000366503642276379	0.000959692898272553
ctarjeta_visa_transacciones_lag2	9.30429282346126e-05	0.000350395890874963	0.000959692898272553
Master_mconsumototal	9.2587441111948e-05	0.000308013677447341	0.000959692898272553
mcomisiones_otras_lag2	9.09884238294184e-05	0.00110503358445248	0.00191938579654511
ctarjeta_debito_transacciones_max6	9.06202788093564e-05	0.00153475492119	0.00191938579654511
ctarjeta_visa_transacciones_lag1	8.96245553501031e-05	0.000532392562553302	0.000959692898272553
vm_mlimitecompra_lag1	8.91467350538736e-05	0.00184808206468404	0.00191938579654511
Visa_mlimitecompra_lag1	8.90569807516991e-05	0.00131284449668841	0.000959692898272553
vm_Fvencimiento_lag2	8.68692572797591e-05	0.000389891260544929	0.000959692898272553
cproductos_lag1	8.49932827462537e-05	0.000948725638385751	0.000959692898272553
vmr_mpagado_delta1	8.48976530366324e-05	0.00413860431396543	0.00191938579654511
Master_mfinanciacion_limite_lag1	8.4870143120166e-05	0.000366503642276379	0.000959692898272553
numero_de_cliente	8.41103815651061e-05	0.0010934025327912	0.000959692898272553
mcaja_ahorro_lag2	8.3971160608539e-05	0.000628453334547202	0.00191938579654511
mtarjeta_visa_consumo_delta2	8.26388675505865e-05	0.00150797839937986	0.000959692898272553
ccallcenter_transacciones	8.21232772081259e-05	0.00224132039045524	0.000959692898272553
vm_cconsumos_delta1	7.98346990999013e-05	0.00121565409018065	0.000959692898272553
mcomisiones_delta1	7.95341528860704e-05	0.00042926111526891	0.000959692898272553
vmr_mconsumototal	7.93755500113447e-05	0.000584188396929804	0.000959692898272553
vmr_Visa_mlimitecompra_lag1	7.8216125233077e-05	0.000686106533069674	0.00191938579654511
vm_mlimitecompra_delta2	7.79103480696126e-05	0.000890863248286637	0.000959692898272553
Visa_msaldopesos_delta2	7.78956459993127e-05	0.000388677949400407	0.000959692898272553
mcuenta_corriente_lag1	7.78043919775542e-05	0.00253322631650117	0.00191938579654511
mcuenta_corriente	7.75370503985298e-05	0.00173403081709895	0.000959692898272553
ctarjeta_visa_debitos_automaticos_lag1	7.67827878152781e-05	0.000360771793076395	0.000959692898272553
matm_lag2	7.59328262582477e-05	0.00107863360748029	0.000959692898272553
cseguro_accidentes_personales_max6	7.50332294036585e-05	0.00123753552909738	0.000959692898272553
Master_mpagominimo_lag2	7.44646128314069e-05	0.000544693027259838	0.000959692898272553
Visa_Fvencimiento_delta1	7.43128580738181e-05	0.000907514897787322	0.000959692898272553
vm_Fvencimiento_lag1	7.42396172502362e-05	0.0014364767184837	0.00191938579654511
Visa_Fvencimiento_lag1	7.38074525739946e-05	0.000467250305587055	0.000959692898272553
active_quarter_min6	7.35245235480485e-05	0.000798818954564259	0.000959692898272553
vm_fechaalta_delta2	7.34680883171147e-05	0.000427671259286432	0.000959692898272553
matm_delta2	7.23176046381342e-05	0.00048670512221474	0.000959692898272553
mcomisiones_otras_delta1	7.14803635942021e-05	0.000372695712944976	0.000959692898272553
mtransferencias_recibidas_delta1	7.14520797260628e-05	0.000666358848234691	0.000959692898272553
Visa_msaldopesos_lag1	7.07663585438812e-05	0.00177507420443607	0.000959692898272553
vm_msaldototal_delta1	7.07162594776157e-05	0.00129711329012495	0.000959692898272553
mcuenta_debitos_automaticos_lag1	7.06383854841944e-05	0.00253736830971867	0.00191938579654511
mextraccion_autoservicio_delta1	7.05908913525478e-05	0.000499214778497918	0.000959692898272553
mautoservicio_tend6	7.00748319712816e-05	0.0023570870089688	0.00191938579654511
Visa_mconsumosdolares_delta2	7.00315923152221e-05	0.000500553604588425	0.000959692898272553
vmr_mpagado_delta2	6.97716348976838e-05	0.000631172825043545	0.000959692898272553
vm_mlimitecompra	6.86965889206719e-05	0.000413571747020777	0.000959692898272553
vm_fultimo_cierre	6.78917996402693e-05	0.00119268485506538	0.000959692898272553
mrentabilidad_lag2	6.78513252804107e-05	0.000344454850098337	0.000959692898272553
Master_mpagospesos_lag2	6.64631872426057e-05	0.000305126833689684	0.000959692898272553
Master_fultimo_cierre	6.64145276662222e-05	0.000297637775245909	0.000959692898272553
mpayroll_lag1	6.56348831571689e-05	0.0013653515824255	0.00191938579654511
mrentabilidad_annual_delta2	6.56077327367373e-05	0.000512979584240946	0.000959692898272553
mcaja_ahorro_dolares_avg6	6.55570133045395e-05	0.000302407343193341	0.000959692898272553
mrentabilidad_lag1	6.50856195175317e-05	0.000322991794334891	0.000959692898272553
cpayroll_trx_max6	6.46112202683855e-05	0.0013647658460109	0.000959692898272553
mactivos_margen_max6	6.46031073275031e-05	0.00046586964118122	0.000959692898272553
cliente_edad_tend6	6.45895232710499e-05	0.00115800089165818	0.00191938579654511
ccuenta_debitos_automaticos_tend6	6.4344733951132e-05	0.00224132039045524	0.000959692898272553
matm	6.40606605608447e-05	0.00180632742598635	0.000959692898272553
mcomisiones_lag2	6.39806333555708e-05	0.000473358699624995	0.000959692898272553
Master_mlimitecompra_lag1	6.34921524020571e-05	0.000450305787879072	0.000959692898272553
cproductos	6.34147391658574e-05	0.0020456007513492	0.000959692898272553
ctrx_quarter_lag2	6.33883796367024e-05	0.000753005999279712	0.00191938579654511
cpayroll_trx_avg6	6.3212508647565e-05	0.00125954248296009	0.00191938579654511
ctransferencias_recibidas	6.30628712228069e-05	0.0009063015866428	0.000959692898272553
ctarjeta_debito_transacciones_delta2	6.30156571592754e-05	0.00263526996758702	0.00191938579654511
cliente_antiguedad_lag1	6.28078948016382e-05	0.000420935290518568	0.000959692898272553
mprestamos_personales_delta1	6.21336443662349e-05	0.00448264078091048	0.00191938579654511
vm_mpagado	6.11554567847685e-05	0.00183377336084175	0.000959692898272553
vm_Fvencimiento	6.09676364815199e-05	0.000319017154378698	0.000959692898272553
mprestamos_personales_avg6	6.01794886678271e-05	0.001868080779411	0.000959692898272553
thomebanking	5.89029562681441e-05	0.000320272303838548	0.000959692898272553
vmr_mconsumototal_lag2	5.84331224304224e-05	0.000379431681712841	0.000959692898272553
ctransferencias_recibidas_lag2	5.83821259415947e-05	0.00123088323696017	0.000959692898272553
mpasivos_margen_delta1	5.82298893463884e-05	0.000948641961755094	0.000959692898272553
Visa_fultimo_cierre_lag1	5.82051168698857e-05	0.00130430948036143	0.000959692898272553
mpasivos_margen_lag1	5.74719286594234e-05	0.000707736942094433	0.000959692898272553
Master_cadelantosefectivo	5.71632634817399e-05	0.000552558630541569	0.000959692898272553
vmr_mconsumospesos_lag2	5.67136487550369e-05	0.000498336173876022	0.000959692898272553
mcaja_ahorro_dolares_min6	5.57455285682883e-05	0.000401898857044167	0.000959692898272553
cliente_edad_lag1	5.52587551268312e-05	0.000589250833084535	0.00191938579654511
vm_mconsumospesos_lag1	5.49475091064097e-05	0.000648870432427439	0.000959692898272553
ctarjeta_debito_transacciones_delta1	5.47671934240516e-05	0.00119059293929896	0.000959692898272553
mrentabilidad	5.4332616548238e-05	0.000887725374637011	0.00191938579654511
mcomisiones_lag1	5.40840320042122e-05	0.000810408167910213	0.000959692898272553
cproductos_min6	5.36623759052568e-05	0.00207898772698123	0.000959692898272553
ctransferencias_recibidas_delta1	5.29110163936497e-05	0.000570172561294806	0.000959692898272553
cproductos_avg6	5.28898403832378e-05	0.000920944997007724	0.00191938579654511
vm_mpagospesos_lag2	5.28022114366786e-05	0.000391313763266093	0.000959692898272553
active_quarter_avg6	5.22273068835205e-05	0.00125987718948272	0.000959692898272553
vmr_mpagospesos	5.21250850329967e-05	0.000295085638010879	0.000959692898272553
Visa_mpagominimo_delta1	5.16842517968702e-05	0.00029964601438167	0.000959692898272553
mtransferencias_emitidas	5.1451018298185e-05	0.0011446126307531	0.00191938579654511
Visa_mpagospesos_lag2	5.13526150107788e-05	0.00057184609390794	0.000959692898272553
mprestamos_personales_tend6	5.1277117079108e-05	0.000344036466945053	0.000959692898272553
cprestamos_personales_avg6	5.06435487960358e-05	0.00224132039045524	0.000959692898272553
Visa_mpagominimo_delta2	5.05926982701269e-05	0.000971820388447002	0.00191938579654511
mautoservicio_min6	5.04875357985035e-05	0.000496662641262888	0.000959692898272553
cpagomiscuentas_avg6	4.99358046232555e-05	0.000763632931373113	0.000959692898272553
mcuentas_saldo_max6	4.99211010472132e-05	0.00143785738288954	0.00191938579654511
Visa_msaldopesos	4.96252663018345e-05	0.000331526810661876	0.000959692898272553
vm_mpagado_lag1	4.88421115304516e-05	0.000879734256409295	0.000959692898272553
Master_mpagominimo_lag1	4.85237162443824e-05	0.000455995798763728	0.000959692898272553
ctarjeta_master_transacciones_avg6	4.82338035844697e-05	0.000392276044518645	0.000959692898272553
cliente_antiguedad_lag2	4.80567403060288e-05	0.000431143839458686	0.000959692898272553
mpayroll_sobre_edad_lag2	4.80065629411505e-05	0.000811203095901452	0.000959692898272553
ctarjeta_debito_max6	4.6358097073139e-05	0.000347132502279351	0.000959692898272553
Visa_mlimitecompra_lag2	4.44693869691096e-05	0.000771205666447546	0.00191938579654511
Master_mconsumototal_delta1	4.38523848656194e-05	0.000299604176066342	0.000959692898272553
mtransferencias_recibidas_delta2	4.29683513660711e-05	0.00172181402902307	0.000959692898272553
Visa_msaldototal_delta1	4.28247818250072e-05	0.000320774363622489	0.000959692898272553
Master_fultimo_cierre_lag2	4.19287957410631e-05	0.000521096217414647	0.000959692898272553
mtransferencias_recibidas_lag2	4.18407911117366e-05	0.000297679613561237	0.000959692898272553
catm_trx	4.16000078198844e-05	0.000328388937012249	0.000959692898272553
mtarjeta_visa_consumo_max6	3.96609757996916e-05	0.000303411462761222	0.000959692898272553
vm_mlimitecompra_delta1	3.96303309272272e-05	0.000433779653324372	0.000959692898272553
ctarjeta_visa_transacciones_avg6	3.87112286835901e-05	0.000401689665467525	0.000959692898272553
ctarjeta_visa	3.67486799761848e-05	0.00161521000156643	0.000959692898272553
ccuenta_debitos_automaticos	3.67465388102726e-05	0.000810282652964228	0.000959692898272553
ccaja_ahorro_avg6	3.62977883797958e-05	0.001868080779411	0.000959692898272553
ccuenta_debitos_automaticos_max6	3.58032212148778e-05	0.00190979357979337	0.000959692898272553
cextraccion_autoservicio	3.46064660672048e-05	0.0017330685358464	0.000959692898272553
vm_mconsumospesos_delta1	3.44235063009214e-05	0.000292115117622566	0.000959692898272553
ctarjeta_visa_transacciones_min6	3.32293831912332e-05	0.00224132039045524	0.000959692898272553
vmr_msaldototal_lag2	3.21968985332601e-05	0.000491181821954874	0.000959692898272553
ctarjeta_debito_transacciones_tend6	3.12531954677714e-05	0.00224132039045524	0.000959692898272553
cpagomiscuentas	2.81030916996996e-05	0.00224132039045524	0.000959692898272553
mautoservicio_lag2	2.69090890494157e-05	0.00030295124129261	0.000959692898272553
mcaja_ahorro_delta1	2.63257734183495e-05	0.00224132039045524	0.000959692898272553
Master_mfinanciacion_limite	1.87863668634133e-05	0.000290316070063447	0.000959692898272553
vmr_msaldopesos2_lag1	1.5733787029096e-05	0.000426750816349209	0.000959692898272553
vmr_mpagominimo_lag1	9.01500640187686e-06	0.000307386102717415	0.000959692898272553
mplazo_fijo_dolares_max6	8.22360769000934e-06	0.00127686354550603	0.000959692898272553
ctransferencias_recibidas_delta2	7.38030979665276e-06	0.000431018324512701	0.000959692898272553
vmr_mpagado_lag1	7.2923510924742e-06	0.000363031062104126	0.000959692898272553
ctarjeta_debito_transacciones_lag2	5.29213924655911e-06	0.000475994513490681	0.000959692898272553
vm_cconsumos	4.05718868038335e-06	0.000324623488632697	0.000959692898272553
mpayroll_max6	2.33296833981336e-06	0.000479676285239576	0.000959692898272553
mcuentas_saldo_avg6	1.55724365506445e-06	0.000452983440060087	0.000959692898272553
