Feature	Gain	Cover	Frequency
azar_under	0.33339845967383	0.0301322571192126	0.0073887186880519
ctrx_quarter_normalizado_lag1	0.145590025426633	0.0115488324871929	0.00450531627320238
ctrx_quarter	0.0548637258053695	0.00982756986110937	0.00666786808433952
mcaja_ahorro	0.0316180829296085	0.00473764213285874	0.00540637952784286
ctrx_quarter_normalizado	0.0294895082886241	0.0123152813247319	0.00919084519733285
mpasivos_margen	0.0202220260071604	0.0105715874525744	0.0129753108668229
mpayroll_sobre_edad	0.0152439687838504	0.0179140340707621	0.00396467832041809
cpayroll_trx	0.0121707254963285	0.0077945225006008	0.00144170120742476
mprestamos_personales_max6	0.0100466310424001	0.000761032746072447	0.00126148855649667
ccomisiones_mantenimiento_delta2	0.00960089907116294	0.00406254790005672	0.00234276446206524
mprestamos_personales	0.00937663198362301	0.007063254292588	0.0036042530185619
ctrx_quarter_lag2	0.00910796782099406	0.00594897735086409	0.00450531627320238
mpayroll	0.00869949375273925	0.00723239930838909	0.00396467832041809
mcomisiones_min6	0.00854900419686091	0.00741798431864179	0.00865020724454857
vm_msaldototal	0.00791406190900716	0.00215124277251352	0.00162191385835286
Master_status	0.0068771165361098	0.00124239386641541	0.000540637952784285
cpayroll_trx_min6	0.00664726975769597	0.00554885760251966	0.00198233916020905
mtarjeta_visa_consumo	0.00500257329335154	0.00185513115233241	0.00216255181113714
cpayroll_trx_lag1	0.00479086099087302	0.00448807055527975	0.00216255181113714
mpasivos_margen_lag1	0.0040609743369461	0.00140823171132098	0.00288340241484952
mrentabilidad_annual_max6	0.00363519340863211	0.00363462874418477	0.00486574157505857
mpayroll_min6	0.00337220104725493	0.00418577596342442	0.00180212650928095
mrentabilidad_annual	0.00325708867312703	0.00352036359324405	0.00414489097134619
mcomisiones_mantenimiento_delta2	0.00301389695669214	0.00472939817062644	0.00522616687691476
mv_status07_delta2	0.00284978550200813	0.00180633839912031	0.00036042530185619
mprestamos_personales_lag2	0.00277235385680301	0.00180653011917223	0.00180212650928095
Visa_msaldopesos	0.00267638847315219	0.00276043323747011	0.00270318976392143
ctrx_quarter_normalizado_delta1	0.00261024661759111	0.00197021111349377	0.00378446566949
mcaja_ahorro_max6	0.00260785151373737	0.00359805814428218	0.00324382771670571
mactivos_margen_avg6	0.00246950130658114	0.00320330655739135	0.00612723013155524
mcomisiones_max6	0.00244298200160304	0.00232455769944373	0.00306361506577762
vm_status01	0.00238078006631894	0.00735946177279506	0.00126148855649667
mcuentas_saldo_min6	0.00225404842567576	0.00502905661176795	0.00558659217877095
mpayroll_lag1	0.00224490348304284	0.00436282943136695	0.00306361506577762
vm_status06_delta2	0.00222401582800254	0.00182167600327343	0.000540637952784285
mrentabilidad_annual_avg6	0.00220016428053312	0.00221134700878854	0.00396467832041809
mrentabilidad_avg6	0.00218287060118559	0.000744209311516997	0.00252297711299333
mcomisiones_mantenimiento_delta1	0.00218274456414384	0.0050998013109242	0.00414489097134619
ctrx_quarter_delta2	0.00214403826448912	0.00507042021296839	0.00702829338619571
mcomisiones_avg6	0.00213451255949809	0.0036526024990517	0.00234276446206524
vm_msaldopesos	0.00211420693051325	0.00226263212267553	0.00342404036763381
mcomisiones_lag2	0.0019997259236612	0.00193124401294225	0.00396467832041809
vm_Fvencimiento_lag1	0.00199094109186394	0.00254239960843097	0.00342404036763381
ctarjeta_visa_transacciones	0.00199043472981323	0.00481797283461068	0.00126148855649667
cproductos_tend6	0.00198997317094477	0.00309776466881272	0.00252297711299333
mrentabilidad_annual_tend6	0.00190300524520396	0.00272654671829432	0.00684808073526762
mrentabilidad_annual_min6	0.0018635015936238	0.00168646543666111	0.0036042530185619
Visa_fechaalta_lag2	0.00182816552134673	0.00188618980074247	0.00432510362227428
mactivos_margen	0.00180731144541376	0.00172514495713475	0.00414489097134619
mactivos_margen_tend6	0.00179757542459457	0.0022914380604756	0.00468552892413047
mcuenta_debitos_automaticos_min6	0.00179746309130722	0.0047591147786731	0.00216255181113714
mcuenta_corriente_min6	0.0017761161235619	0.00447532117182747	0.00612723013155524
cpayroll_trx_lag2	0.00174604762082531	0.000371457600583289	0.000901063254640476
ccomisiones_otras	0.00160063878366228	0.00396247003295764	0.00324382771670571
mtarjeta_visa_consumo_lag1	0.00150728376938684	0.00174311871200168	0.00180212650928095
ctarjeta_visa	0.00149847785607631	0.00123942220561075	0.00036042530185619
Visa_Fvencimiento	0.00149411072771183	0.000996417039809806	0.00450531627320238
ccaja_seguridad_lag1	0.00146942904544589	0.00195286044879555	0.000720850603712381
mcuentas_saldo_tend6	0.00133967335960995	0.0014712596783877	0.00306361506577762
mcuentas_saldo	0.0013259585423625	0.00917083282327811	0.00576680482969905
mcaja_ahorro_min6	0.00130820362253592	0.00453959531923162	0.00576680482969905
mcuentas_saldo_lag1	0.00130790949876824	0.00345565807572309	0.00342404036763381
Visa_cconsumos_lag1	0.00128381905753243	0.00073270610840216	0.00252297711299333
cpayroll_trx_avg6	0.0012699107511214	0.0042212441730285	0.0036042530185619
cdescubierto_preacordado	0.00126628677067238	0.00556759823759425	0.00144170120742476
cproductos_delta2	0.00126420732120629	0.00264032062494602	0.00144170120742476
mcuentas_saldo_delta1	0.00125950635470456	0.00444196188279444	0.00450531627320238
cproductos	0.00124897414870785	0.00612770836926087	0.0036042530185619
cprestamos_personales_lag2	0.00121693727655092	0.00111657758234688	0.00108127590556857
cdescubierto_preacordado_avg6	0.0012137042608879	0.00164289705486366	0.00108127590556857
mcomisiones_tend6	0.00120695349624661	0.00281703858279771	0.00378446566949
mpasivos_margen_lag2	0.00120558517709242	0.00303559944197962	0.00450531627320238
vmr_msaldopesos_lag1	0.00115171374206021	0.000281492966222665	0.00126148855649667
mcuenta_corriente_max6	0.00113230518510079	0.00283295134710657	0.00234276446206524
vm_msaldototal_lag2	0.00111778035643778	0.000197855093575202	0.000901063254640476
cliente_edad	0.00111003085190145	0.0033235150299414	0.00396467832041809
mcaja_ahorro_tend6	0.00110621136216269	0.00169207324817959	0.0036042530185619
vmr_mpagominimo	0.00110310000645567	0.00259320542218816	0.00216255181113714
vm_fechaalta_lag2	0.00108938076823019	0.00258807691079947	0.00396467832041809
mcuenta_corriente_lag2	0.00108396654837624	0.00143953000979594	0.00396467832041809
cliente_edad_lag1	0.00106469129632758	0.00495428579152151	0.00630744278248333
mrentabilidad_delta2	0.00103487424398144	0.00104779801372275	0.00414489097134619
Visa_fechaalta	0.00101257487948349	0.000720867395196473	0.00144170120742476
numero_de_cliente	0.00100723605757482	0.00193503048396755	0.00324382771670571
cproductos_avg6	0.000970817680224875	0.00243450914921639	0.00288340241484952
mpasivos_margen_max6	0.000964655908855005	0.00833862400793261	0.00702829338619571
ctarjeta_visa_tend6	0.000960903739088243	0.00106931858955009	0.000720850603712381
ctrx_quarter_normalizado_lag2	0.000943034378955728	0.00385165584295137	0.00522616687691476
mrentabilidad_max6	0.000937835741872921	0.00208989235590105	0.00378446566949
ctrx_quarter_lag1	0.000932538937240551	0.00378944268610529	0.00594701748062714
mpayroll_sobre_edad_lag1	0.000928295416303287	0.0008589537625875	0.00162191385835286
mactivos_margen_delta1	0.000927214256628657	0.00503648576377962	0.00234276446206524
mcomisiones_delta2	0.000923564126552199	0.00135733003753783	0.00324382771670571
mcuentas_saldo_lag2	0.000917958774420205	0.000984003166448377	0.00252297711299333
azar_sampling	0.000913944417179967	0.00170568537186549	0.00576680482969905
cliente_edad_lag2	0.000908826052021926	0.00434341777611067	0.00522616687691476
mcuenta_corriente_tend6	0.00088255830085962	0.00246954598870366	0.00342404036763381
mactivos_margen_min6	0.000853272765478713	0.00255117080080603	0.00378446566949
mcomisiones_mantenimiento	0.000833020149130695	0.00244706681261675	0.00234276446206524
ctarjeta_visa_transacciones_tend6	0.00080231609598567	0.00202010625700437	0.00252297711299333
Master_fechaalta_lag2	0.000800081996099893	0.00224096775680925	0.00324382771670571
mcomisiones	0.000783510117617772	0.000686166065800047	0.00198233916020905
cprestamos_personales_min6	0.000783316510681118	0.00117874280917998	0.00108127590556857
mtransferencias_recibidas	0.000781805168393306	0.000902953514501753	0.0036042530185619
mcuenta_debitos_automaticos_lag1	0.000781289164383971	0.00042882982611854	0.00144170120742476
chomebanking_transacciones_lag2	0.000775169272418737	0.00142725992647344	0.00288340241484952
mprestamos_personales_tend6	0.000771772646603348	0.00406278755012161	0.00144170120742476
vm_status06_delta1	0.000765766611053051	0.000575879105936544	0.00036042530185619
vm_mpagominimo_lag2	0.000761404255802164	0.00129358312027644	0.00126148855649667
mcaja_ahorro_lag2	0.000759054054440803	0.000956347548959789	0.00468552892413047
mrentabilidad_tend6	0.000749132357328309	0.000700928509797422	0.00252297711299333
vmr_msaldopesos2_lag2	0.000748522535493991	0.00343667779058361	0.00306361506577762
cproductos_min6	0.00073759886318653	0.00292042362079231	0.00234276446206524
mttarjeta_visa_debitos_automaticos_lag2	0.000735481535762406	0.000301192201556824	0.00162191385835286
vmr_msaldopesos2	0.000734660395411711	0.0008963871027237	0.00270318976392143
cpayroll_trx_max6	0.000730033163855015	0.00362125627056377	0.000720850603712381
cprestamos_personales	0.000726373914148126	0.00129617134097728	0.000901063254640476
mcomisiones_otras_lag1	0.000724845232262003	0.00132114287773907	0.00342404036763381
mprestamos_personales_min6	0.000723392466368333	0.00269457739963767	0.00108127590556857
cliente_antiguedad	0.00072273197613581	0.000884308739453121	0.00432510362227428
mtarjeta_visa_consumo_tend6	0.000722663642700636	0.00650055594022054	0.00270318976392143
mcuenta_debitos_automaticos_lag2	0.000719290896548876	0.000770618748668145	0.00198233916020905
vm_Fvencimiento	0.000716968830518954	0.00149119856378675	0.0036042530185619
Visa_mpagospesos_lag1	0.000711055746434261	0.000258342769954055	0.00162191385835286
mcomisiones_lag1	0.000702514744776351	0.0011343596171619	0.00468552892413047
mprestamos_personales_lag1	0.000691854046289034	0.00107737083173047	0.00108127590556857
mprestamos_personales_avg6	0.000685456516759684	0.0019191177196587	0.00234276446206524
Master_mfinanciacion_limite_lag2	0.000682392482793014	0.000468228296786858	0.00216255181113714
mrentabilidad_annual_delta2	0.000682232115416766	0.00059855000207537	0.00252297711299333
vmr_Visa_mlimitecompra_lag2	0.000680775103103069	0.000427631575794078	0.00162191385835286
Master_mlimitecompra_delta1	0.000669262960526809	0.000603774373490025	0.00234276446206524
cliente_edad_avg6	0.000668988278217263	0.00539020925956086	0.00396467832041809
mcuenta_corriente_lag1	0.000663589077198094	0.00143195706774533	0.00234276446206524
mcuenta_corriente_avg6	0.000661288611844605	0.000629177280368624	0.00216255181113714
mrentabilidad_min6	0.000656754280505428	0.00212866773640065	0.00414489097134619
mcaja_ahorro_dolares_max6	0.000655102052172154	0.000426577115508551	0.00144170120742476
ctarjeta_visa_transacciones_lag1	0.000651059250017355	0.00134990088552616	0.00198233916020905
Master_Fvencimiento	0.000646103604899182	0.0021385892490872	0.00342404036763381
Master_mfinanciacion_limite_lag1	0.000645253854993331	0.000313462284879317	0.00252297711299333
mrentabilidad	0.000632678072837047	0.000484955871316351	0.00198233916020905
chomebanking_transacciones	0.0006249491430037	0.0016570843387053	0.00234276446206524
Visa_msaldototal	0.00062289539310796	0.0027063202528174	0.00144170120742476
vmr_mpagominimo_lag1	0.000621196830229542	0.00139744745840082	0.00198233916020905
Visa_mlimitecompra_lag2	0.000619691396618848	0.000626684919693743	0.00216255181113714
vmr_msaldopesos	0.000619422518973691	0.000453322062750548	0.00126148855649667
mcomisiones_mantenimiento_lag1	0.00061810979916889	0.00345139230456801	0.00108127590556857
Visa_cconsumos_lag2	0.000611161269346456	0.000886082149933325	0.00180212650928095
cliente_antiguedad_lag1	0.000607298919298562	0.0016862737166092	0.00306361506577762
Master_fechaalta_lag1	0.000605426938582936	0.00110128790820674	0.00216255181113714
vm_mfinanciacion_limite	0.000602466607357304	0.000912204007006601	0.00234276446206524
mcuenta_debitos_automaticos	0.000601845826298137	0.00141570879334563	0.00180212650928095
ctarjeta_debito_transacciones_tend6	0.000599677391101375	0.00101995067618224	0.00162191385835286
mcomisiones_otras_lag2	0.000596729705780011	0.00153615691596057	0.00396467832041809
mcomisiones_otras	0.000595437828856909	0.00138124711401409	0.00288340241484952
vm_mfinanciacion_limite_delta1	0.000593315327193764	0.000947240846493876	0.00162191385835286
mcuentas_saldo_max6	0.000588042602372775	0.00282878143597744	0.00432510362227428
mactivos_margen_lag1	0.000587488039657184	0.00179056942485039	0.00288340241484952
mrentabilidad_lag2	0.000585934981835886	0.000790989004184003	0.00216255181113714
mcuenta_corriente_delta2	0.000585923021616836	0.0019531959588864	0.0036042530185619
Master_mfinanciacion_limite_delta2	0.000585202285912387	0.0029474082180992	0.00342404036763381
Visa_mpagominimo_lag2	0.000583405387607677	0.000973362703567153	0.00216255181113714
mpasivos_margen_avg6	0.000572066204050572	0.00338184585573622	0.00234276446206524
mttarjeta_visa_debitos_automaticos	0.000571134213479354	0.000121933953017276	0.000720850603712381
Master_fultimo_cierre	0.000557378016778591	0.0012295006929242	0.00144170120742476
ccallcenter_transacciones	0.000538312700012641	0.00336281764058376	0.000720850603712381
mtarjeta_visa_consumo_min6	0.000537276665734858	0.00262579783101354	0.00180212650928095
Visa_mpagado_delta2	0.000536574898446487	0.000675956973035629	0.00144170120742476
Visa_msaldototal_delta2	0.000536432636807589	0.000697094108759143	0.00180212650928095
Visa_fechaalta_lag1	0.000530752404738946	0.000798178506130776	0.00126148855649667
Visa_Fvencimiento_lag1	0.000530234530008399	0.00121670337945894	0.00180212650928095
mcaja_ahorro_delta2	0.000528621722134634	0.00112180195376153	0.00180212650928095
ccaja_ahorro	0.000526186767736572	0.00221915960090404	0.000901063254640476
Visa_mconsumospesos_lag2	0.000520235987038251	0.00108877817481935	0.00270318976392143
cliente_antiguedad_min6	0.000519883053346433	0.000439422358986786	0.00216255181113714
Visa_msaldopesos_delta1	0.000510754504119794	0.00153807411647971	0.00252297711299333
mactivos_margen_max6	0.000508268466604203	0.000558863951329181	0.00162191385835286
mactivos_margen_delta2	0.000506091100384086	0.0039407098070654	0.00306361506577762
mrentabilidad_annual_delta1	0.000493440975235683	0.00210978331128713	0.00234276446206524
vm_fechaalta	0.00049190970284876	0.00142376103552601	0.00306361506577762
Visa_status	0.000489258571165587	0.00526827530654359	0.000720850603712381
ccuenta_debitos_automaticos_tend6	0.000488869441600988	0.00486839520826405	0.00306361506577762
Visa_mfinanciacion_limite_lag1	0.000488827438683466	0.000937798633937114	0.00180212650928095
Master_mlimitecompra	0.000482303469354739	0.000446995301037388	0.00216255181113714
ctarjeta_visa_transacciones_lag2	0.000482108675027929	0.00164802556625236	0.00162191385835286
vmr_msaldototal_delta2	0.000475202368459344	0.00152954257416954	0.00216255181113714
mtarjeta_visa_consumo_avg6	0.000471540448658098	0.000724222496104968	0.00144170120742476
vm_cconsumos_lag1	0.000468432748470051	0.00206199708834757	0.00198233916020905
Master_Fvencimiento_lag1	0.000467898416901447	0.00104487428293106	0.00288340241484952
mcuentas_saldo_delta2	0.000464830088132998	0.00492073478243657	0.00306361506577762
active_quarter_avg6	0.000463774118557236	0.000922940329913783	0.00198233916020905
mtarjeta_visa_consumo_lag2	0.000462399946458189	0.000335701810901336	0.00144170120742476
mtransferencias_recibidas_delta2	0.000461442954308676	0.000941393384910501	0.00216255181113714
vm_Fvencimiento_lag2	0.0004605047485914	0.0010612663473697	0.00306361506577762
mpasivos_margen_delta1	0.000460453944824748	0.000526367402529765	0.00234276446206524
vmr_msaldopesos2_lag1	0.000457745508429254	0.00108614202410554	0.000901063254640476
thomebanking	0.000457661598515422	0.000389958585592986	0.00108127590556857
Visa_mfinanciacion_limite_delta1	0.000455323268547504	0.00115439436258691	0.0036042530185619
mtransferencias_emitidas_lag2	0.000454704377110903	0.0013259838090499	0.00198233916020905
cliente_antiguedad_lag2	0.00044818102041256	0.0014665625371158	0.00234276446206524
Visa_fultimo_cierre_lag1	0.00044554906511215	0.00049703423458693	0.00108127590556857
tcallcenter	0.000440967009696057	0.000316338085658027	0.000180212650928095
mcuentas_saldo_avg6	0.000437531044839101	0.00218637547202675	0.00216255181113714
ctrx_quarter_delta1	0.000435098434665714	0.00105321410518932	0.00216255181113714
cpayroll_trx_tend6	0.000434899544095637	0.00123721742501373	0.00126148855649667
cpagomiscuentas_tend6	0.000434872178220273	0.00446065458785605	0.00288340241484952
Master_mfinanciacion_limite_delta1	0.000434135978439777	0.000457539903892655	0.00216255181113714
ccomisiones_mantenimiento_delta1	0.000433135083423917	0.00320589477809219	0.00144170120742476
chomebanking_transacciones_lag1	0.000432167679129319	0.000507962277546026	0.00108127590556857
mtransferencias_emitidas	0.000427622698293219	0.00202633715869158	0.00180212650928095
mrentabilidad_delta1	0.000424634224701085	0.00143651041897829	0.00288340241484952
mcomisiones_delta1	0.000423768220365031	0.000761080676085426	0.00252297711299333
vm_status06	0.000420543784415237	0.00170295336112571	0.000720850603712381
vmr_mconsumototal_lag2	0.000418834136548239	0.000272434193769731	0.000720850603712381
ctarjeta_visa_transacciones_delta2	0.000417769757639742	0.0033794493550873	0.00198233916020905
vmr_msaldototal	0.000417531399057912	0.000631429990978613	0.00198233916020905
ctarjeta_visa_transacciones_min6	0.000415779207327351	0.00297089392445866	0.00198233916020905
Visa_mfinanciacion_limite_delta2	0.000414162746394576	0.00122408460145763	0.00216255181113714
mactivos_margen_lag2	0.000412215320250486	0.00131323442559762	0.00216255181113714
mttarjeta_visa_debitos_automaticos_max6	0.000402508862368423	0.000584842018363522	0.00108127590556857
chomebanking_transacciones_delta2	0.000400854312099592	0.00164136329444835	0.00216255181113714
vmr_mpagospesos	0.000398325892949633	0.000610724225371906	0.00234276446206524
mcaja_ahorro_dolares	0.00039778846951122	0.00046247669522944	0.00144170120742476
mrentabilidad_annual_lag1	0.000393142503786378	0.000515247639518756	0.00162191385835286
vmr_Master_mlimitecompra_lag1	0.00039039743915663	0.00154531154843946	0.00252297711299333
Visa_msaldototal_lag2	0.000387948631538028	0.000536912005385033	0.00126148855649667
mcaja_ahorro_dolares_tend6	0.000382554768423106	0.00286089454467302	0.00252297711299333
cpagomiscuentas_avg6	0.000379722943061404	0.000649020305741718	0.00162191385835286
chomebanking_transacciones_delta1	0.000379262557346643	0.000776514140264499	0.00180212650928095
mttarjeta_visa_debitos_automaticos_delta2	0.000379136434046716	0.00142960849710939	0.00144170120742476
ccaja_seguridad	0.000373856379783197	0.000720531885105624	0.000180212650928095
Visa_mconsumospesos_delta1	0.000372953251213764	0.0012219277508736	0.00198233916020905
ctarjeta_debito_max6	0.000372148959967289	0.00020015573419817	0.000540637952784285
ccomisiones_otras_lag1	0.000371990172919468	0.0026617453407474	0.00126148855649667
Master_Fvencimiento_lag2	0.000371474217025566	0.000966844221802078	0.00198233916020905
vmr_mpagospesos_delta2	0.000369037767308676	0.00269419395953384	0.00234276446206524
vm_fechaalta_lag1	0.000368186012791494	0.000278856815508849	0.00126148855649667
mautoservicio	0.000367890153462553	0.0063671667141014	0.00270318976392143
Visa_Fvencimiento_lag2	0.000364795354989923	0.000884883899608862	0.00288340241484952
mttarjeta_visa_debitos_automaticos_delta1	0.000364701632928251	0.00118737021151611	0.00180212650928095
mpasivos_margen_delta2	0.000363629434071844	0.000494302223847156	0.00198233916020905
vm_cconsumos	0.000362834836916129	0.000886130079946303	0.00126148855649667
ctarjeta_debito_transacciones_avg6	0.000360653096721407	0.00174470040242998	0.00252297711299333
Visa_fultimo_cierre_lag2	0.000355986533271588	0.000596393151491338	0.00162191385835286
Master_mfinanciacion_limite	0.000354790507054476	0.000541081916514161	0.00198233916020905
vmr_msaldopesos2_delta2	0.000351971663253455	0.00242842203756812	0.00198233916020905
Master_cconsumos	0.000351691429453711	0.000161524143737508	0.000901063254640476
Visa_mconsumospesos	0.000344192028935327	0.000604924693801509	0.00162191385835286
cdescubierto_preacordado_lag1	0.000343258404564646	0.00035746203679357	0.00036042530185619
vm_mpagospesos_delta2	0.000342268201715982	0.00036824628971373	0.00162191385835286
Visa_mlimitecompra	0.000341861902720372	0.000925145110510793	0.00198233916020905
ctarjeta_debito_avg6	0.000341664403194225	0.00317876639074636	0.00180212650928095
mpasivos_margen_min6	0.000339247399847924	0.000446084630790796	0.00216255181113714
ccallcenter_transacciones_delta1	0.000336175879553511	0.0047724872522941	0.00180212650928095
vm_msaldototal_lag1	0.000331942211422957	0.00176056523672585	0.00108127590556857
mcaja_ahorro_lag1	0.000331463961307781	0.00230931595531657	0.0036042530185619
Master_fechaalta	0.000330377256541087	0.00128548294808307	0.00198233916020905
vm_cconsumos_lag2	0.00032582385752044	0.00101611627514397	0.00144170120742476
Visa_mpagominimo_delta2	0.000324728978103288	0.000509591897987294	0.00108127590556857
mcomisiones_otras_delta2	0.00032362469628456	0.00132579208899798	0.00234276446206524
Master_fultimo_cierre_lag2	0.000322462937096361	0.000659085608467201	0.00180212650928095
ctarjeta_debito_transacciones	0.000319963752251373	0.0016004789933777	0.00144170120742476
vmr_mpagospesos_delta1	0.000315847373887459	0.000846396099187136	0.00108127590556857
ctarjeta_master_min6	0.000315525510972589	0.00069115078714981	0.000720850603712381
ccallcenter_transacciones_delta2	0.000313968958285304	0.00695656208369788	0.00198233916020905
tcallcenter_delta1	0.000312506934315767	0.000612353845813174	0.00036042530185619
ccaja_seguridad_avg6	0.000312189911422358	0.00031844700622908	0.000180212650928095
Visa_cconsumos_delta2	0.000308833975263844	0.00327884425784545	0.00180212650928095
matm_delta2	0.000307861255506288	0.00274912175440719	0.00144170120742476
Visa_mfinanciacion_limite_lag2	0.000307326185204278	0.000891689961451808	0.00180212650928095
mrentabilidad_annual_lag2	0.00029963481455185	0.000952417287895553	0.00144170120742476
vmr_msaldototal_lag2	0.000299258827400785	0.000548702788577741	0.00108127590556857
mcaja_ahorro_avg6	0.000295894437788807	0.00118995843221694	0.00288340241484952
mcaja_ahorro_dolares_min6	0.000295284696362279	0.000747324762360599	0.00108127590556857
vm_cconsumos_delta2	0.000295026398779239	0.00385084103273074	0.00144170120742476
ctarjeta_debito_transacciones_delta1	0.00029498658861448	0.00181894399253365	0.00144170120742476
mtransferencias_recibidas_delta1	0.000294580126272927	0.000732226808272375	0.00180212650928095
ctarjeta_debito_transacciones_max6	0.000294078919544277	0.00115971459402752	0.00270318976392143
cproductos_delta1	0.000293589660404567	0.0013968243682321	0.000720850603712381
Visa_mpagospesos	0.000290327426262644	0.000947959796688554	0.00216255181113714
vm_mpagospesos_delta1	0.000290266497163456	0.000329279189162219	0.00126148855649667
mpagomiscuentas	0.000289145467263789	0.000689377376669606	0.00126148855649667
mrentabilidad_lag1	0.000287061412593994	0.00105412477543591	0.00198233916020905
vm_msaldopesos_lag2	0.000284971966105437	0.000322712777384166	0.00126148855649667
cproductos_lag2	0.00028492086989643	0.000362015388026527	0.00126148855649667
mcaja_ahorro_dolares_lag1	0.00028438449469709	0.000686932946007703	0.00162191385835286
Master_fultimo_cierre_lag1	0.000283333035802324	0.000772248369109413	0.00252297711299333
Visa_mconsumosdolares	0.000279170786684382	0.00148108533104829	0.00108127590556857
vm_mlimitecompra_delta2	0.00027727989847401	0.000615948596786561	0.00126148855649667
Master_mconsumosdolares_delta2	0.000276337939082264	3.54202795911033e-05	0.000180212650928095
vmr_Master_mlimitecompra_lag2	0.000276215904744001	0.000647007245196622	0.00108127590556857
Master_msaldototal_lag2	0.00027514799513187	4.22263414340487e-05	0.00036042530185619
Visa_mpagominimo	0.000274263888117566	0.00202509097835414	0.00198233916020905
mcaja_ahorro_delta1	0.000273887490643601	0.00237780794386284	0.00234276446206524
Master_mpagominimo_delta1	0.000273612673336656	0.000238739394645853	0.000901063254640476
Visa_mpagospesos_delta1	0.000273090801964868	0.000751782253567599	0.00162191385835286
mcuenta_debitos_automaticos_max6	0.000272740614262383	0.000555173340329837	0.00126148855649667
vm_msaldototal_delta1	0.000270014277920508	0.000398729777968049	0.00108127590556857
mcuenta_corriente_delta1	0.000269807122026611	0.000775459679978972	0.00198233916020905
ctarjeta_visa_debitos_automaticos_avg6	0.000268659916396579	0.000809921359310506	0.00162191385835286
mtransferencias_recibidas_lag2	0.000268652657259643	0.00163728924334518	0.00216255181113714
vmr_msaldototal_delta1	0.000267603989057304	0.00296705952342038	0.00108127590556857
Visa_mconsumototal	0.000265975069824489	0.000625870109473108	0.00144170120742476
ccajas_transacciones_delta1	0.000265436604749192	0.000254124928811948	0.00036042530185619
Master_mconsumospesos_delta1	0.000265222645452159	0.00043328731732554	0.000901063254640476
vm_Fvencimiento_delta2	0.000261325395053846	0.000700928509797422	0.00108127590556857
ccomisiones_otras_lag2	0.000259882791973271	0.00399626069210747	0.00270318976392143
mtarjeta_visa_consumo_max6	0.000259849674511221	0.00104036886171108	0.00162191385835286
Visa_mlimitecompra_lag1	0.000259383241284721	0.000349026354509356	0.00162191385835286
cdescubierto_preacordado_delta2	0.000258894296011073	0.00462198701154164	0.00036042530185619
vmr_Master_mlimitecompra	0.000258526536733032	0.000533652764502496	0.00126148855649667
ccallcenter_transacciones_lag1	0.000257292138139744	0.00406897052179584	0.00144170120742476
vm_mpagominimo	0.000254456181821472	0.0011684378563896	0.00234276446206524
Visa_mlimitecompra_delta2	0.000253818454864197	0.00139763917845274	0.000901063254640476
vm_status04_delta2	0.000253318749065009	0.00101146706388505	0.00036042530185619
mcuenta_corriente	0.000252918706204653	0.00141173060226841	0.00162191385835286
active_quarter_min6	0.000246654046908085	0.00242367696628325	0.000901063254640476
cmobile_app_trx_lag2	0.000245860969925879	0.000438895128844023	0.000720850603712381
mtransferencias_recibidas_lag1	0.000243862792802073	0.00052842839308784	0.00108127590556857
vmr_mconsumospesos_delta1	0.000241137523996118	0.00148367355174912	0.00216255181113714
mtransferencias_emitidas_delta2	0.000240342036651771	0.000805128358012657	0.00144170120742476
cdescubierto_preacordado_lag2	0.000239737724321378	0.00126051141132128	0.000540637952784285
Visa_msaldopesos_lag2	0.000239731442292732	0.000183715739746548	0.000901063254640476
mcaja_ahorro_dolares_avg6	0.000238464896873663	0.000381666693347707	0.00108127590556857
mcaja_ahorro_dolares_delta1	0.000237762593820271	0.00211970482397367	0.00108127590556857
vmr_msaldopesos_delta2	0.000235303512338146	0.00022488762089507	0.000901063254640476
ccaja_ahorro_max6	0.000233219112359364	0.00164021297413687	0.000540637952784285
mextraccion_autoservicio	0.00023306806322519	0.001443843710964	0.00108127590556857
cdescubierto_preacordado_tend6	0.000232816849661971	0.00371184399509312	0.00036042530185619
cliente_edad_tend6	0.000232479360197787	0.00049703423458693	0.000901063254640476
cmobile_app_trx_lag1	0.00023239691040881	0.000193589322420117	0.000720850603712381
Visa_mconsumosdolares_lag2	0.000232276043082307	0.000191096961745235	0.000901063254640476
ctarjeta_visa_debitos_automaticos_tend6	0.000231520456862989	0.00184549721972374	0.00198233916020905
cliente_antiguedad_max6	0.00023136198860116	0.000295009229882599	0.00108127590556857
mautoservicio_min6	0.000230428419996775	0.00323101010489292	0.00036042530185619
mtarjeta_visa_consumo_delta1	0.000230084205253275	0.000366904249350333	0.000720850603712381
Master_mconsumospesos_lag2	0.00022794251441608	0.00134395756391683	0.00126148855649667
mautoservicio_lag2	0.00022752246499048	0.000631046550874785	0.00162191385835286
vm_mfinanciacion_limite_delta2	0.000225392890061229	0.000367958709635859	0.00144170120742476
Visa_mfinanciacion_limite	0.000224426173834318	0.000436019328065314	0.00108127590556857
mextraccion_autoservicio_lag2	0.000223649090897917	0.000427727435820035	0.00108127590556857
cprestamos_personales_tend6	0.000223490434424839	0.00370661962367846	0.000901063254640476
mautoservicio_lag1	0.000221529528840271	0.000739176660154256	0.00180212650928095
cpagomiscuentas_max6	0.000220377683540294	0.000849942920147544	0.00144170120742476
ctrx_quarter_normalizado_delta2	0.000218019895074637	0.000580096947078651	0.00162191385835286
catm_trx_delta2	0.00021649802502819	0.000683913355190058	0.00108127590556857
Visa_cconsumos_delta1	0.000216431492096302	0.000997088059991505	0.000901063254640476
Master_mconsumospesos	0.000216349382685755	0.00105920535681163	0.000901063254640476
Master_mpagospesos	0.000214913306195813	0.000765202657201576	0.000720850603712381
Master_fultimo_cierre_delta2	0.000214243754110163	0.000256473499447894	0.000540637952784285
ccajas_consultas	0.000212338105513272	0.00142184383500687	0.00036042530185619
mautoservicio_max6	0.000211095469213657	0.00158633963954905	0.00162191385835286
Visa_mlimitecompra_delta1	0.000210280185684226	0.000510742218298778	0.00126148855649667
vmr_mpagominimo_lag2	0.000207384789380059	0.000991288528421108	0.00108127590556857
ctarjeta_visa_transacciones_max6	0.000207181703490686	0.000258870000096819	0.000901063254640476
mpayroll_tend6	0.000205879370050977	0.00166082287971762	0.000901063254640476
ctransferencias_recibidas_delta2	0.000205288289475138	0.000569168904119556	0.00108127590556857
vm_mpagospesos_lag1	0.000204381561527598	0.000189706991368859	0.00108127590556857
ccaja_ahorro_avg6	0.000203140994635224	0.00125610185012726	0.000720850603712381
Visa_mconsumototal_lag1	0.00020289888321968	0.000383008733711105	0.000901063254640476
cplazo_fijo_delta2	0.000201102034666837	0.00448787883522783	0.000720850603712381
cprestamos_personales_avg6	0.000200254568563346	0.00127167910434527	0.00126148855649667
ctransferencias_recibidas_lag2	0.000199130825222811	0.00328900542059689	0.00144170120742476
mcaja_ahorro_dolares_delta2	0.000198999240651281	0.00103346693984218	0.00108127590556857
Visa_msaldopesos_delta2	0.000198464888680373	0.000377305062166665	0.000901063254640476
Visa_mconsumosdolares_delta1	0.000197478558698975	0.000318638726280994	0.00126148855649667
ccajas_transacciones_delta2	0.000194914603596114	0.000863219533742585	0.00036042530185619
vm_mlimitecompra	0.000192681383774856	0.00024171105545052	0.000720850603712381
mpagomiscuentas_delta1	0.000192642082222522	0.000628793840264796	0.00144170120742476
cliente_edad_max6	0.000191347951103895	0.00216892894730258	0.00144170120742476
Visa_mpagospesos_lag2	0.000191245905072407	0.00136907289071756	0.00144170120742476
ctarjeta_debito_lag2	0.00018994322870398	0.000131759605677866	0.000720850603712381
mcheques_depositados_delta2	0.0001890158760014	0.00394066187705242	0.000720850603712381
mpayroll_delta2	0.000188694282117998	0.000659612838609964	0.00126148855649667
mpayroll_sobre_edad_delta1	0.000188454436572189	0.00170673983215101	0.00108127590556857
thomebanking_lag1	0.000187269947517678	0.000354969676118689	0.00108127590556857
vm_msaldopesos_lag1	0.000186623495908308	0.00270401961219443	0.00126148855649667
Visa_mpagominimo_lag1	0.000183491863233793	0.000318542866255037	0.00144170120742476
mcuenta_debitos_automaticos_delta1	0.000182916398071009	0.000293523399480266	0.00108127590556857
mttarjeta_master_debitos_automaticos_avg6	0.000182601648844308	0.000845725079005437	0.000901063254640476
cliente_edad_min6	0.000182516505951265	0.000405535839810995	0.000901063254640476
ctarjeta_visa_debitos_automaticos_lag1	0.000181489030644362	0.000448960431569506	0.000901063254640476
vm_msaldototal_delta2	0.000181347750473151	0.00213187904727021	0.00108127590556857
Visa_mconsumototal_delta1	0.000180377227856481	0.000150691960804369	0.000720850603712381
matm_lag2	0.000177965205562564	0.00119633312394308	0.00144170120742476
mpasivos_margen_tend6	0.000177961912035709	0.000216068498507028	0.000720850603712381
vm_mpagospesos_lag2	0.000174297201312244	0.000526798772646572	0.00108127590556857
mcomisiones_mantenimiento_lag2	0.000173659186257276	0.00137295522176882	0.000720850603712381
mpayroll_delta1	0.000173214169512746	0.00147605267968554	0.000720850603712381
cseguro_accidentes_personales_delta2	0.000171152100535241	0.00713160249109532	0.000901063254640476
Master_msaldototal_lag1	0.000170553985245149	0.000122413253147061	0.000901063254640476
mtransferencias_emitidas_lag1	0.000170437996789494	0.000531352123879528	0.00126148855649667
Master_mpagominimo_delta2	0.000169598540610855	0.000662536569401652	0.000720850603712381
cplazo_fijo_tend6	0.00016723570835573	0.00625496255371876	0.000901063254640476
mtarjeta_visa_consumo_delta2	0.000166440995108782	0.000937079683742437	0.000720850603712381
mautoservicio_delta1	0.000163359617526435	0.000838823157136535	0.000901063254640476
vm_fultimo_cierre_lag1	0.000163174785578019	0.000614558626410185	0.00144170120742476
vm_mpagominimo_lag1	0.000163074354218835	0.00252140626274639	0.00108127590556857
Visa_mconsumospesos_lag1	0.000162954618200063	0.000503888226442854	0.000901063254640476
Master_msaldototal	0.000162120285039837	0.00010846561937032	0.000540637952784285
mcaja_ahorro_dolares_lag2	0.00016080497369486	0.000141249748247607	0.000901063254640476
mtarjeta_master_consumo	0.000159693425595734	0.00105412477543591	0.000901063254640476
Visa_mconsumospesos_delta2	0.000159116452532701	0.00211337806226051	0.00126148855649667
mtarjeta_visa_descuentos_delta2	0.000159016383314405	0.00410554112169842	0.000720850603712381
ctarjeta_visa_debitos_automaticos	0.00015857357715946	7.88448713496143e-05	0.000540637952784285
mpayroll_avg6	0.000158398240508229	0.00279307357630846	0.00198233916020905
mcheques_depositados_lag1	0.000157605939428507	0.00169231289824449	0.00036042530185619
vm_cconsumos_delta1	0.000156625978026152	0.00341832059561285	0.00126148855649667
cproductos_lag1	0.000156148064777448	0.00154938559954263	0.00126148855649667
mpayroll_max6	0.000156051812498072	0.00285643705346603	0.00270318976392143
vm_fultimo_cierre_lag2	0.000155184557322823	0.000797459555936099	0.00126148855649667
mtransferencias_emitidas_delta1	0.000155121974276896	0.000997998730238096	0.00162191385835286
vmr_Visa_mlimitecompra_lag1	0.000154649373086699	0.000601761312944928	0.00108127590556857
ctransferencias_emitidas_lag1	0.000153486857844387	0.00123587538465034	0.00126148855649667
mtarjeta_master_consumo_avg6	0.000153059069825063	0.000391636136047233	0.000720850603712381
mautoservicio_avg6	0.000152559935630412	0.00014369417890951	0.000720850603712381
cextraccion_autoservicio_delta1	0.000151503791346643	0.000665747880271211	0.000720850603712381
vmr_msaldopesos_delta1	0.000151110131620567	0.000848840529849039	0.000901063254640476
tcallcenter_lag2	0.000149817063546963	0.00185393290200795	0.00036042530185619
vm_status01_delta2	0.000149557135184957	0.000582972747857361	0.000540637952784285
cmobile_app_trx	0.000149443519132002	0.00021884843925978	0.000540637952784285
mpagomiscuentas_delta2	0.000147828866209922	0.00046659867634559	0.00126148855649667
matm_other_delta2	0.000147386225653674	0.000717464364275001	0.000901063254640476
Master_mpagospesos_delta1	0.000147064681864834	0.00117433324798596	0.000720850603712381
cplazo_fijo_avg6	0.000144072452232719	0.00021664365866277	0.000540637952784285
Master_mpagosdolares	0.000141258694385926	6.86357785851961e-05	0.000180212650928095
vmr_mconsumospesos	0.000140722525929929	0.00011896229221261	0.000901063254640476
Master_msaldopesos	0.000140556097539363	0.000200107804185191	0.000540637952784285
vm_mlimitecompra_lag1	0.000140518027521075	0.000457108533775849	0.000901063254640476
mttarjeta_visa_debitos_automaticos_tend6	0.000139105566527436	0.00149297197426695	0.000901063254640476
ctarjeta_debito_transacciones_lag2	0.000139101058298435	0.000185345360187817	0.000720850603712381
thomebanking_delta2	0.000138915364692734	0.000482799020732319	0.000540637952784285
vm_mconsumototal	0.000138798669934835	0.00014877476028523	0.000720850603712381
mpayroll_sobre_edad_delta2	0.000138463442108501	0.000250386387799626	0.000901063254640476
ctarjeta_visa_debitos_automaticos_lag2	0.00013841228741289	0.000677874173554769	0.000720850603712381
cextraccion_autoservicio_delta2	0.000138387993029937	0.00186366269464258	0.000901063254640476
Master_msaldopesos_delta2	0.000138144306726582	0.00189989778445432	0.000901063254640476
cextraccion_autoservicio_lag1	0.000137631982952764	0.000828278554281267	0.000901063254640476
vm_mpagado_delta2	0.000137016414852165	0.00104362810259362	0.000720850603712381
vmr_msaldopesos_lag2	0.000136916887945958	0.0013961533480504	0.00108127590556857
Visa_mpagospesos_delta2	0.000136509368729219	0.000989467187927925	0.00144170120742476
Master_msaldopesos_lag2	0.000136375133728442	0.000369444540038193	0.000540637952784285
tcallcenter_delta2	0.000136064142095991	0.000997807010186182	0.000720850603712381
mautoservicio_tend6	0.000135495689714984	0.000125241123912792	0.000720850603712381
vmr_mpagospesos_lag1	0.000133930853437442	0.00146181746583093	0.000901063254640476
Visa_mconsumototal_lag2	0.000133276884801238	0.000212809257624491	0.000720850603712381
mttarjeta_visa_debitos_automaticos_lag1	0.000132179474648355	0.000519848920764691	0.00108127590556857
vmr_mpagado_delta1	0.000131274128040369	0.00026040376051213	0.000540637952784285
cprestamos_personales_max6	0.000130623452335952	0.000262273031018291	0.000720850603712381
mttarjeta_visa_debitos_automaticos_min6	0.000129455832776675	0.000998238380302988	0.000901063254640476
Master_cconsumos_delta1	0.000128634716888156	0.000363357428389925	0.000540637952784285
vm_mconsumototal_lag1	0.00012841353874608	0.000194835502757557	0.000901063254640476
ctarjeta_visa_debitos_automaticos_delta2	0.000127678464152624	0.000123659433484501	0.00036042530185619
ctarjeta_visa_debitos_automaticos_min6	0.000126486698956602	0.000186879120603128	0.000901063254640476
mcuenta_debitos_automaticos_delta2	0.000126470646764232	0.000498424204963306	0.00108127590556857
cproductos_max6	0.000125099161416941	0.000747037182282728	0.000720850603712381
vmr_mconsumospesos_delta2	0.000124812792644529	0.00300981309499719	0.00126148855649667
vm_mfinanciacion_limite_lag1	0.000123523861478002	0.000213192697728319	0.000720850603712381
ccaja_ahorro_min6	0.000122662490165038	0.00120131784529285	0.000720850603712381
foto_mes	0.000121737097103712	0.000408603360641618	0.00108127590556857
cextraccion_autoservicio	0.000120986843196437	0.000809106549089871	0.000720850603712381
vmr_mpagominimo_delta1	0.000120496010019011	0.00236462719029375	0.000540637952784285
mplazo_fijo_dolares_delta1	0.000120044940931142	0.000573722255352512	0.000901063254640476
Master_mpagospesos_lag2	0.000119430788580388	0.000432903877221712	0.00108127590556857
ccajas_otras_delta2	0.000113659198110067	0.000854544201393479	0.000180212650928095
vmr_mconsumospesos_lag2	0.000112688630608329	0.000173314926930216	0.000540637952784285
ctarjeta_visa_debitos_automaticos_max6	0.000112569083990941	0.000333736680369218	0.000540637952784285
mautoservicio_delta2	0.000111345193327799	0.000639242583094107	0.000720850603712381
ctarjeta_master_transacciones_lag2	0.00011094210501719	0.00087131970593595	0.00036042530185619
ccajas_consultas_delta2	0.000110821977614229	0.00193924832510966	0.00036042530185619
Master_mconsumototal_delta1	0.000110713700209189	0.00199168375930813	0.000720850603712381
catm_trx_other_lag2	0.000105255723237341	0.00105762366638334	0.000540637952784285
vm_mpagominimo_delta2	0.000104633898770368	0.000530681103697829	0.000901063254640476
vmr_mconsumototal_delta1	0.000103889002848036	0.000595386621218789	0.000540637952784285
ctarjeta_visa_transacciones_delta1	0.000102666578430441	0.00171738029503224	0.000540637952784285
ctarjeta_visa_transacciones_avg6	0.000102307029995693	0.000351231135106367	0.000901063254640476
vmr_msaldototal_lag1	0.000101761956614287	0.000161284493672615	0.00036042530185619
ctransferencias_emitidas	0.000100232635986634	0.000793529294871862	0.000720850603712381
ccajas_otras_delta1	9.95716945231638e-05	0.00443467652082171	0.000540637952784285
ctarjeta_debito_transacciones_lag1	9.92835452908039e-05	0.000297932960674287	0.000540637952784285
vm_status04	9.86839182089485e-05	0.00100998123348272	0.000180212650928095
Master_fechaalta_delta2	9.86631350624313e-05	0.000307183453179135	0.000180212650928095
vm_mfinanciacion_limite_lag2	9.83166413816284e-05	0.00103480898020558	0.000901063254640476
ctransferencias_emitidas_delta2	9.82744534984135e-05	0.00231655338727633	0.000720850603712381
thomebanking_lag2	9.77012739036808e-05	5.10454638220907e-05	0.00036042530185619
vm_mconsumospesos_delta2	9.60374082452462e-05	7.96596815702486e-05	0.000540637952784285
vm_msaldopesos_delta2	9.5850830539726e-05	0.000251632568137067	0.000720850603712381
vm_fultimo_cierre	9.50808061202659e-05	0.00021918394935063	0.00036042530185619
Visa_fultimo_cierre_delta1	9.48442230488994e-05	0.000222778700324016	0.000720850603712381
Visa_msaldototal_lag1	9.39766560982934e-05	0.000173602507008087	0.000901063254640476
vmr_mpagospesos_lag2	9.35159399193462e-05	0.00207651988228005	0.000720850603712381
ctransferencias_recibidas	9.23901850162037e-05	0.000815193660738139	0.00108127590556857
ctarjeta_debito_transacciones_delta2	9.08794617682838e-05	0.00123899083549394	0.000901063254640476
Visa_cconsumos	9.02094941693332e-05	0.000468611736890686	0.000901063254640476
ccomisiones_otras_delta1	8.97148302757874e-05	0.000969767952593766	0.000540637952784285
Master_fultimo_cierre_delta1	8.91695202276605e-05	0.00129435000048409	0.000540637952784285
vmr_mpagominimo_delta2	8.88164481641266e-05	0.000684344725306865	0.000901063254640476
Master_msaldototal_delta2	8.83717860796388e-05	0.000166365075048335	0.00036042530185619
Master_mlimitecompra_delta2	8.81688892516112e-05	0.00158269695856268	0.000720850603712381
vmr_msaldodolares_delta2	8.70295477744792e-05	0.000843472368395448	0.000540637952784285
ccaja_ahorro_lag2	8.53991230999274e-05	0.000751542603502706	0.000720850603712381
ctarjeta_visa_debitos_automaticos_delta1	8.45124890664462e-05	0.000227907211712715	0.00036042530185619
mtarjeta_master_consumo_tend6	8.41658226461402e-05	0.00138795731583108	0.000540637952784285
vmr_mpagado	8.35775467069576e-05	0.00040472102959036	0.000720850603712381
mv_status07_lag1	8.30641159381546e-05	1.97471653471374e-05	0.000180212650928095
Master_cconsumos_lag2	8.2830680942221e-05	4.05967209927801e-05	0.000180212650928095
Visa_mconsumototal_delta2	8.27889734482443e-05	0.000455862353438408	0.000720850603712381
vm_mconsumospesos	8.24438933920465e-05	0.000531447983905485	0.000720850603712381
minversion2_lag2	8.21709466150427e-05	0.000922029659667191	0.000180212650928095
vm_mconsumosdolares_lag1	8.08865481602803e-05	2.76076874756096e-05	0.000180212650928095
vm_mconsumospesos_delta1	8.06317859564023e-05	0.000197136143380525	0.00036042530185619
Master_mconsumototal_delta2	8.04729237600964e-05	0.000122077743056211	0.00036042530185619
Visa_msaldodolares_lag1	7.95116233246542e-05	0.00112036405337218	0.00036042530185619
mextraccion_autoservicio_delta2	7.94090201402613e-05	0.00132296421823225	0.000901063254640476
ctarjeta_debito_min6	7.85046907571249e-05	0.000666370970439931	0.00036042530185619
Master_mpagominimo_lag1	7.80289362421522e-05	4.45749120699947e-05	0.000180212650928095
vm_fultimo_cierre_delta2	7.71042140765726e-05	9.71062062944185e-05	0.000720850603712381
ccajas_transacciones	7.70268920665458e-05	0.00109486528646762	0.00036042530185619
vm_msaldopesos_delta1	7.69930065607092e-05	0.000162626534036013	0.000720850603712381
ctransferencias_recibidas_delta1	7.65781284389741e-05	0.000279479905677569	0.00036042530185619
mplazo_fijo_dolares_tend6	7.65394337701599e-05	0.000339488281926637	0.00036042530185619
Master_mpagospesos_lag1	7.65249851988467e-05	0.000185776730304623	0.000540637952784285
mplazo_fijo_dolares	7.61030893647781e-05	0.000722401155611785	0.000540637952784285
cpagomiscuentas_delta2	7.60744186877208e-05	0.000245593386501777	0.000540637952784285
matm_lag1	7.57090716632847e-05	0.000376969552075815	0.000901063254640476
mcuenta_debitos_automaticos_tend6	7.52565678684301e-05	0.0016374809633971	0.000180212650928095
vm_status05_delta1	7.4254047639075e-05	0.00230768633487531	0.000180212650928095
Master_mconsumototal_lag2	7.2564098995746e-05	0.000658510448311459	0.00036042530185619
mcomisiones_otras_delta1	7.17495751120824e-05	0.000112827250551363	0.00036042530185619
vmr_msaldodolares_lag2	7.16014972333778e-05	0.00102263475690904	0.000540637952784285
ccomisiones_mantenimiento_lag2	7.15282237204458e-05	3.75771301751353e-05	0.000180212650928095
Visa_mpagominimo_delta1	7.04277143354562e-05	0.000186399820473343	0.00108127590556857
Master_mpagominimo	7.00436504449835e-05	0.000560733221835342	0.000720850603712381
mtarjeta_master_consumo_lag1	6.99063221999642e-05	2.01785354639438e-05	0.000180212650928095
vm_fultimo_cierre_delta1	6.9386914916384e-05	5.77077356261007e-05	0.00036042530185619
Master_msaldototal_delta1	6.83787364481865e-05	0.00072796103711729	0.000540637952784285
Master_mlimitecompra_lag2	6.83626696341659e-05	0.000565382433094255	0.000720850603712381
ccheques_depositados_lag2	6.82816133225185e-05	0.00130388807306681	0.000180212650928095
ccuenta_debitos_automaticos_avg6	6.69397266170562e-05	6.19255767682077e-05	0.00036042530185619
vm_mlimitecompra_lag2	6.601684133887e-05	0.000666179250388017	0.000540637952784285
Master_mconsumospesos_lag1	6.5389828906151e-05	3.53723495781248e-05	0.000180212650928095
matm_other	6.52029546871529e-05	0.000320939366903962	0.00036042530185619
Visa_mpagado_delta1	6.4837136709544e-05	0.000318974236371844	0.000720850603712381
Master_mlimitecompra_lag1	6.3615526938926e-05	0.000995410509537258	0.000901063254640476
ctarjeta_master	6.35461235907179e-05	0.000294769579817707	0.000540637952784285
mcheques_depositados	6.35097158323432e-05	0.00110953187043904	0.000180212650928095
ccomisiones_otras_delta2	6.26142260872445e-05	6.80126884164758e-05	0.00036042530185619
vm_mlimitecompra_delta1	6.25778841440644e-05	0.000128692084847243	0.000540637952784285
cpagomiscuentas_lag1	6.21165227741469e-05	0.000177916208176151	0.00036042530185619
cdescubierto_preacordado_delta1	6.18412807379974e-05	0.00231099350577082	0.000180212650928095
mcuenta_debitos_automaticos_avg6	6.17557972965058e-05	0.000146330329623327	0.000720850603712381
vmr_msaldopesos2_delta1	6.14223942436977e-05	0.000511029798376649	0.00036042530185619
matm	6.13656377556173e-05	0.00134673750466958	0.000540637952784285
catm_trx	6.10189482127006e-05	0.000400742838513146	0.000540637952784285
vmr_mpagado_delta2	6.09029284735141e-05	0.000149349920440971	0.000540637952784285
ccomisiones_mantenimiento	5.99828981576669e-05	0.000415409422484563	0.000720850603712381
Master_mpagado_lag1	5.96521611758711e-05	0.000626061829525022	0.00036042530185619
ccajas_consultas_lag2	5.91757796301036e-05	0.00187372799736807	0.00036042530185619
Visa_msaldototal_delta1	5.86199623956648e-05	0.000175903147631054	0.000540637952784285
Visa_fultimo_cierre	5.82110145434857e-05	3.27841288772864e-05	0.000180212650928095
mttarjeta_master_debitos_automaticos_max6	5.82057344273351e-05	7.61128606098404e-05	0.00036042530185619
ccaja_seguridad_lag2	5.79945926884174e-05	0.000504463386598596	0.00036042530185619
vm_mconsumospesos_lag2	5.77548829640367e-05	0.00124076424597414	0.000540637952784285
vmr_mconsumototal	5.75633447784545e-05	0.000190330081537579	0.000720850603712381
mttarjeta_master_debitos_automaticos_delta2	5.70828977336726e-05	0.00161049636609021	0.00036042530185619
mtarjeta_master_consumo_delta2	5.70796097324414e-05	0.00112913524574724	0.000720850603712381
catm_trx_lag1	5.49536456708749e-05	0.000270660783289527	0.000540637952784285
mplazo_fijo_dolares_max6	5.47999398167447e-05	0.00017508833741042	0.000180212650928095
cplazo_fijo_max6	5.44141261365248e-05	0.000313654004931231	0.00036042530185619
cseguro_accidentes_personales_avg6	5.27773207333232e-05	8.06182818298184e-05	0.000180212650928095
cliente_antiguedad_avg6	5.25839885051849e-05	1.71110146333205e-05	0.000180212650928095
mpagomiscuentas_lag2	5.25209617091565e-05	5.67012053535524e-05	0.00036042530185619
ctransferencias_recibidas_lag1	5.18343731900108e-05	0.000703948100615067	0.00036042530185619
mprestamos_prendarios_tend6	5.17737939903278e-05	0.000631621711030527	0.000180212650928095
Visa_mpagado_lag2	5.07898520985564e-05	0.000122509113173018	0.00036042530185619
vm_msaldodolares_lag1	5.00037771869185e-05	0.000269462532965065	0.000180212650928095
vm_mpagominimo_delta1	4.97954798691496e-05	0.00035238145541785	0.000720850603712381
vm_fechaalta_delta2	4.91095795877093e-05	0.00014273557864994	0.000180212650928095
Visa_status_delta2	4.90189498351743e-05	0.00189831609402603	0.000180212650928095
cdescubierto_preacordado_max6	4.83238957540932e-05	0.00115314818224946	0.000540637952784285
mttarjeta_visa_debitos_automaticos_avg6	4.66977226374607e-05	2.05140455547933e-05	0.000180212650928095
ccuenta_debitos_automaticos_lag2	4.64881420148005e-05	4.07884410446941e-05	0.00036042530185619
minversion2_max6	4.61429540814227e-05	0.000634833021900086	0.000180212650928095
vm_status02_delta2	4.56213868739768e-05	0.0021637525059009	0.000180212650928095
ctarjeta_master_transacciones	4.54975122479357e-05	7.31891298181526e-05	0.000180212650928095
vm_mconsumosdolares_delta2	4.47001358203024e-05	0.000623186028746313	0.00036042530185619
cprestamos_personales_delta2	4.4477326344041e-05	0.000524737782088497	0.000180212650928095
vm_status02	4.39308955293742e-05	0.00230452295401873	0.000180212650928095
ctransferencias_emitidas_lag2	4.37876047111517e-05	7.33808498700665e-05	0.00036042530185619
cpagomiscuentas	4.36405999936121e-05	0.000139044967650596	0.00036042530185619
Visa_mpagado	4.36366004620458e-05	0.000843472368395448	0.00036042530185619
cseguro_vivienda_lag1	4.31009434237901e-05	0.00050940017793538	0.000180212650928095
mplazo_fijo_dolares_min6	4.24391035788887e-05	0.000442921249934216	0.000180212650928095
mplazo_fijo_dolares_lag2	4.2177343384904e-05	0.00132684654928351	0.00036042530185619
vmr_mconsumosdolares_lag2	4.17205266280953e-05	0.00105589818591611	0.000540637952784285
vm_msaldodolares_delta2	4.1616371168443e-05	7.136778932497e-05	0.000180212650928095
mcaja_ahorro_adicional_lag1	4.15231870475076e-05	0.000559582901523858	0.000180212650928095
vm_mpagado	4.13574951800989e-05	0.000457971274009462	0.00036042530185619
catm_trx_other_delta2	4.13023497939196e-05	0.000686549505903875	0.00036042530185619
Master_mpagado_lag2	4.11396672662799e-05	3.8823310512576e-05	0.000180212650928095
vmr_mconsumosdolares_lag1	4.0943076110193e-05	7.93721014923776e-05	0.00036042530185619
cpayroll_trx_delta1	4.08350776216442e-05	0.00120448122614943	0.000540637952784285
vm_mconsumospesos_lag1	4.03310396483331e-05	2.71763173588032e-05	0.000180212650928095
mprestamos_personales_delta2	4.01719641629457e-05	0.0005848899483765	0.000901063254640476
mttarjeta_master_debitos_automaticos_tend6	4.01349218256877e-05	6.79168283905188e-05	0.000180212650928095
catm_trx_lag2	4.00856201301095e-05	0.000485147591368265	0.000720850603712381
mtarjeta_master_consumo_max6	3.94055248731444e-05	7.28056897143247e-05	0.00036042530185619
Master_mpagado_delta2	3.92631041932844e-05	0.000650362346105116	0.00036042530185619
vm_mconsumototal_delta2	3.86453479456331e-05	6.70061581439275e-05	0.000540637952784285
cpagomiscuentas_delta1	3.84229699780912e-05	0.00054017124626757	0.000540637952784285
cseguro_accidentes_personales_lag2	3.83768118066116e-05	0.000288394888091568	0.00036042530185619
Visa_Finiciomora_lag1	3.81928979618541e-05	0.00174815136336443	0.00036042530185619
mplazo_fijo_dolares_avg6	3.76534195721495e-05	8.87663840361615e-05	0.000180212650928095
vm_Finiciomora_delta2	3.74525833767772e-05	0.00247270936956024	0.00036042530185619
minversion2_avg6	3.73845498554654e-05	0.00127982720655161	0.000180212650928095
active_quarter_max6	3.70290546783503e-05	0.000211898587377899	0.000180212650928095
cseguro_vivienda_lag2	3.66903138728843e-05	0.000607321194450433	0.000180212650928095
mtarjeta_master_consumo_delta1	3.66468542460835e-05	0.000392882316384674	0.00036042530185619
vm_mpagado_delta1	3.61419734026082e-05	3.24006887734585e-05	0.000180212650928095
Visa_status_lag1	3.56054662683726e-05	0.000543286697111172	0.000180212650928095
mtarjeta_visa_descuentos_delta1	3.53583015422864e-05	0.000518075510284487	0.000540637952784285
cseguro_vivienda_avg6	3.50003094632591e-05	0.000233658813270133	0.000180212650928095
ctarjeta_master_tend6	3.45170210576739e-05	0.000820034592048967	0.00036042530185619
Visa_fultimo_cierre_delta2	3.4213259321513e-05	9.55724458791069e-05	0.00036042530185619
Master_mconsumototal	3.41313668554598e-05	0.000634162001718387	0.000720850603712381
ctarjeta_master_transacciones_min6	3.29839933314711e-05	0.000538685415865237	0.00036042530185619
ccallcenter_transacciones_lag2	3.26601706903376e-05	6.78209683645618e-05	0.000180212650928095
ctarjeta_master_debitos_automaticos	3.20841211715766e-05	0.000850326360251372	0.000180212650928095
cseguro_vivienda	3.1876836488139e-05	0.000547887978357107	0.000180212650928095
matm_other_delta1	3.18262238137247e-05	0.00015035645071352	0.00036042530185619
Visa_msaldopesos_lag1	3.14693290385882e-05	1.67275745294926e-05	0.000180212650928095
vm_msaldodolares	3.12721557367742e-05	0.000140770448117822	0.000180212650928095
vmr_mpagado_lag2	3.09171964601648e-05	7.32849898441096e-05	0.000180212650928095
cseguro_accidentes_personales_max6	3.0783686506249e-05	6.53286076896804e-05	0.000180212650928095
cpagomiscuentas_lag2	3.07627347006894e-05	0.000729398937506644	0.00036042530185619
vmr_msaldodolares2	3.05366227715652e-05	0.00126386651222977	0.000180212650928095
vm_mconsumototal_delta1	3.03826924920963e-05	0.00037490856151774	0.000540637952784285
ctarjeta_master_transacciones_tend6	2.97678721359214e-05	0.000575208085754846	0.000180212650928095
vmr_mconsumosdolares_delta1	2.96668916147349e-05	5.10933938350692e-05	0.000180212650928095
matm_delta1	2.92683652591928e-05	0.000281684686274579	0.00036042530185619
vmr_mpagado_lag1	2.90160135874755e-05	0.000180360638838054	0.000540637952784285
mttarjeta_master_debitos_automaticos_lag2	2.7966928075676e-05	0.000102666087799923	0.00036042530185619
Visa_Finiciomora_delta2	2.7706407746678e-05	0.0024525308340963	0.00036042530185619
active_quarter	2.70351903230029e-05	5.24833642114454e-05	0.000180212650928095
vm_status05_delta2	2.66018808665314e-05	0.000728967567389838	0.00036042530185619
ccuenta_debitos_automaticos	2.62534338989431e-05	7.66400907526038e-05	0.000180212650928095
vm_mconsumosdolares_lag2	2.61982823920727e-05	0.000233515023231198	0.000180212650928095
vmr_mconsumototal_lag1	2.57233283274747e-05	0.000267497402432947	0.00036042530185619
matm_other_lag2	2.49092432633559e-05	0.000715834743833732	0.00036042530185619
mtarjeta_visa_descuentos_lag2	2.41950386962256e-05	0.0010866692542483	0.00036042530185619
vm_mpagospesos	2.36711295779604e-05	0.000203990135236449	0.000720850603712381
mextraccion_autoservicio_delta1	2.35094675719487e-05	5.4208844678671e-05	0.00036042530185619
ccajeros_propios_descuentos_delta2	2.30366693507558e-05	0.000387945525047889	0.00036042530185619
Visa_mpagosdolares_lag2	2.28900135126064e-05	0.0005893474395835	0.000180212650928095
ccheques_depositados_delta2	2.28609796745464e-05	0.00119297802303459	0.000180212650928095
vmr_mconsumototal_delta2	2.24823904500023e-05	1.61524143737508e-05	0.000180212650928095
mcheques_emitidos_lag2	2.23179546844136e-05	7.94679615183346e-05	0.000180212650928095
mpagomiscuentas_lag1	2.22967733529394e-05	6.42741474041536e-05	0.00036042530185619
cprestamos_personales_lag1	2.21016385812852e-05	0.00110545781933587	0.000180212650928095
vmr_msaldodolares2_lag1	2.1797648339325e-05	0.000570750594547846	0.000180212650928095
vm_msaldodolares_lag2	2.15176131220022e-05	9.79689465280313e-05	0.000180212650928095
Visa_fechaalta_delta2	2.13944226532059e-05	4.28973616157476e-05	0.000180212650928095
vm_mpagosdolares_lag2	2.13257865838636e-05	0.000164639594581109	0.000180212650928095
ctarjeta_debito_lag1	2.09804048286024e-05	0.000252543238383658	0.00036042530185619
mttarjeta_master_debitos_automaticos_min6	2.08810503710063e-05	0.000136792257040607	0.000180212650928095
vmr_Master_mlimitecompra_delta1	2.07459925623302e-05	0.000206146985820481	0.000180212650928095
cseguro_vida_lag2	2.05370144877006e-05	0.000200011944159234	0.000180212650928095
vmr_Visa_mlimitecompra	2.04297514171841e-05	5.04703036663488e-05	0.00036042530185619
mforex_sell_lag1	1.9891681466499e-05	0.000356359646495065	0.000180212650928095
Master_Fvencimiento_delta1	1.9615698146655e-05	0.00151367773987366	0.000180212650928095
vmr_mconsumosdolares	1.91624160889308e-05	0.000440620609311249	0.000180212650928095
cmobile_app_trx_delta2	1.88344868891471e-05	0.000378167802400278	0.00036042530185619
mpayroll_sobre_edad_lag2	1.71580116175734e-05	0.00049607563432736	0.00036042530185619
ctarjeta_visa_avg6	1.69555106515159e-05	8.95332642438173e-05	0.00036042530185619
mv_status07	1.66187140764906e-05	0.000460847074788171	0.00036042530185619
Visa_Fvencimiento_delta2	1.64103398462879e-05	4.55335123295645e-05	0.000180212650928095
Visa_mpagosdolares_lag1	1.6309676410902e-05	0.000187598070797806	0.00036042530185619
vm_mconsumosdolares_delta1	1.62095281336798e-05	0.000127445904509802	0.000180212650928095
ctarjeta_master_transacciones_max6	1.60098698312973e-05	2.68887372809323e-05	0.000180212650928095
ctarjeta_master_debitos_automaticos_delta1	1.59194808259439e-05	0.00046468147582645	0.000180212650928095
ctarjeta_debito_transacciones_min6	1.57265437224171e-05	0.00032702647855223	0.00036042530185619
cplazo_fijo_lag2	1.53034835968944e-05	0.000781307141562348	0.000180212650928095
tcallcenter_lag1	1.44305792017903e-05	0.000141297678260585	0.000180212650928095
matm_other_lag1	1.43041393261202e-05	0.000172452186696603	0.000180212650928095
vm_Fvencimiento_delta1	1.36024646636764e-05	0.00151525943030195	0.000180212650928095
mpayroll_lag2	1.34348204070641e-05	0.000688754286500886	0.00126148855649667
vm_mconsumototal_lag2	1.27697242432782e-05	1.78299648279979e-05	0.000180212650928095
vmr_msaldodolares2_delta1	1.21809232848184e-05	0.000135066776573382	0.000180212650928095
cforex_sell_delta2	1.15518957845885e-05	0.000207584886209836	0.000180212650928095
ctarjeta_master_transacciones_delta2	1.15466020669023e-05	3.82960803698126e-05	0.000180212650928095
Visa_msaldodolares_delta2	1.08599960357795e-05	0.000578323536598447	0.00036042530185619
mextraccion_autoservicio_lag1	1.06246906586708e-05	2.92373079168782e-05	0.000180212650928095
ccajas_consultas_delta1	1.05805999206144e-05	0.00102790705833667	0.000180212650928095
Visa_mpagosdolares	1.04085228122813e-05	4.13636012004359e-05	0.000180212650928095
Visa_delinquency_delta1	1.0312839409165e-05	0.000310250974009759	0.000180212650928095
mtarjeta_master_consumo_lag2	9.62188683729673e-06	0.000275118274496526	0.000180212650928095
mttarjeta_master_debitos_automaticos	9.51030187881829e-06	5.84746158337565e-05	0.000180212650928095
vm_mpagado_lag2	9.36522381880762e-06	5.50715849122838e-05	0.000180212650928095
cpagomiscuentas_min6	9.26841692884418e-06	0.00012179016297834	0.000180212650928095
cplazo_fijo_delta1	9.21732071983646e-06	0.000243532395943702	0.000180212650928095
minversion2_tend6	8.44477321550795e-06	0.000410472631147779	0.000180212650928095
cdescubierto_preacordado_min6	8.37384936786447e-06	0.000176238657721904	0.000180212650928095
catm_trx_delta1	7.57737140667229e-06	0.000323240007526929	0.00036042530185619
mcaja_ahorro_adicional_tend6	7.37098842004058e-06	0.000369732120116064	0.000180212650928095
mtarjeta_visa_descuentos	7.33763745455619e-06	0.000951458687635983	0.000180212650928095
cseguro_accidentes_personales_min6	6.98324876236855e-06	6.13983466254443e-05	0.000180212650928095
ccajas_extracciones_delta1	6.97354474673851e-06	0.000245018226346035	0.000180212650928095
ccuenta_debitos_automaticos_delta1	6.67394576057217e-06	0.000188700461096311	0.000180212650928095
cextraccion_autoservicio_lag2	6.18874905953125e-06	5.72284354963158e-05	0.000180212650928095
mcajeros_propios_descuentos_delta2	6.16517895835348e-06	0.000229728552205897	0.000180212650928095
Master_msaldodolares_lag1	5.67521321886519e-06	0.000316769455774833	0.000180212650928095
Visa_mconsumosdolares_delta2	5.0658270162323e-06	0.000103432968007579	0.000180212650928095
mttarjeta_master_debitos_automaticos_delta1	5.04545225582386e-06	0.000180696148928903	0.000180212650928095
mv_status07_delta1	4.85171232165358e-06	0.000163728924334518	0.000180212650928095
Visa_msaldodolares_delta1	4.21686914480587e-06	0.000127062464405974	0.000180212650928095
ccajas_extracciones_delta2	4.09752689049143e-06	0.000154861871933498	0.000180212650928095
mcaja_ahorro_adicional_avg6	3.85810143820644e-06	0.000199724364081363	0.000180212650928095
mtarjeta_visa_descuentos_lag1	3.58849145794308e-06	0.00046468147582645	0.000180212650928095
cprestamos_personales_delta1	3.49980978535577e-06	0.000624000838966947	0.000180212650928095
Master_mconsumototal_lag1	3.32356958698981e-06	0.000520088570829583	0.000180212650928095
mforex_sell_delta2	3.19403196156894e-06	0.00052622361249083	0.00036042530185619
ccajeros_propios_descuentos_delta1	2.91923265540573e-06	0.000338817261744938	0.000180212650928095
ctarjeta_debito_tend6	2.71715140946123e-06	0.000119393662329416	0.000180212650928095
vmr_mconsumosdolares_delta2	2.62114207954616e-06	6.78209683645618e-05	0.000180212650928095
mplazo_fijo_dolares_lag1	2.54116028921739e-06	0.000299131210998749	0.000180212650928095
catm_trx_other_lag1	2.38570612769496e-06	0.000224983480921027	0.000180212650928095
vm_mpagosdolares_delta2	2.00944667619341e-06	0.000506332657104757	0.000180212650928095
ctransferencias_emitidas_delta1	1.81717519781885e-06	0.000498280414924371	0.000180212650928095
Visa_mpagosdolares_delta1	1.74605327781204e-06	8.93415441919033e-05	0.000180212650928095
ctarjeta_master_transacciones_lag1	1.07988763450724e-06	1.91720051913956e-05	0.000180212650928095
Master_mpagominimo_lag2	1.05947623496207e-06	1.99868154120299e-05	0.000180212650928095
vm_mpagosdolares	9.02123299058882e-07	5.91456360154553e-05	0.000180212650928095
vm_status04_delta1	7.34757932704141e-07	0.000362398828130355	0.000180212650928095
vm_status01_delta1	1.91884110888913e-07	4.3041151654683e-05	0.000180212650928095
Visa_madelantopesos_lag2	9.78980837894633e-08	0.000133293366093178	0.000180212650928095
Master_cconsumos_lag1	8.17572210959419e-08	2.27667561647822e-05	0.000180212650928095
vm_status04_lag2	1.02311475285713e-08	0.000547744188318171	0.000180212650928095
ccajas_depositos_delta1	1.60424086283652e-09	2.07057656067072e-05	0.000180212650928095
