Feature	Gain	Cover	Frequency
azar_under	0.504577776862316	0.0246608824367155	0.0105480180899175
ctrx_quarter_normalizado	0.0469224499927733	0.00747221846802423	0.00415003990422985
ctrx_quarter	0.0406218858194236	0.00680233425635912	0.00375099760574621
ctrx_quarter_normalizado_lag1	0.0314791552344738	0.00398273283426616	0.00264698057994147
ctrx_quarter_lag1	0.0153926045035808	0.00303917482483918	0.00304602287842511
mpasivos_margen_max6	0.0135158753668151	0.00241183772022899	0.00407023144453312
mpayroll_sobre_edad	0.0132371366181908	0.0110769915628789	0.00303272146847566
mpasivos_margen	0.0112191363843565	0.00680740680309488	0.00595903165735568
ctrx_quarter_lag2	0.0106938834832806	0.00263726393132097	0.00351157222665603
cpayroll_trx	0.00960190567989412	0.00492676644784154	0.00147645650438947
mtarjeta_visa_consumo	0.0080740090277658	0.00468740385042247	0.00333865389731312
ctrx_quarter_normalizado_lag2	0.00780373106297927	0.00297947719523722	0.00281989890928438
mpayroll	0.00753125546288886	0.00933680676013378	0.00254056930034584
mcaja_ahorro	0.00721422614506035	0.00536918324342189	0.00526735833998404
mcuentas_saldo	0.00668765962092735	0.0127166647914154	0.00667730779462623
mpayroll_min6	0.00594984382384236	0.00502695982425692	0.00150305932428837
vm_msaldopesos	0.00584758750931849	0.00136985842528831	0.00196860867251929
mprestamos_personales	0.00562721772242918	0.0123825706488509	0.0045756850226124
mcaja_ahorro_max6	0.00556136863126079	0.00127854750642023	0.00255387071029529
mcomisiones_min6	0.00484885824584765	0.0082386926353505	0.00562649640861931
cpayroll_trx_min6	0.00451242200711644	0.00471482809959149	0.00109071561585528
cpayroll_trx_avg6	0.00414631990582598	0.00315118552568202	0.00238095238095238
mprestamos_personales_lag1	0.00387843894682952	0.00205748385646768	0.00192870444267092
mcomisiones_avg6	0.00298876549864145	0.00520135929561259	0.00474860335195531
mcaja_ahorro_min6	0.00277528888946186	0.00237300743420568	0.00383080606544294
ctarjeta_visa_transacciones	0.00249879654619902	0.00232948542327362	0.00191540303272147
ccomisiones_mantenimiento_delta2	0.00245905805038399	0.00554981803749179	0.00285980313913275
mcuentas_saldo_min6	0.00239462471429231	0.00522787126493824	0.00476190476190476
mrentabilidad_annual_max6	0.0023916309167887	0.0023743716226171	0.00444267092311785
cpayroll_trx_lag1	0.0023899850330348	0.00117790729906115	0.000598563447725459
vm_msaldototal	0.00234993404069134	0.00113389445110761	0.0015828677839851
mpasivos_margen_avg6	0.00209524453902421	0.00140075915460256	0.00263367916999202
vm_mpagominimo	0.0019287453307606	0.00102692244617147	0.00188880021282256
mcaja_ahorro_lag2	0.00186057147035625	0.00206816210049702	0.00359138068635275
mprestamos_personales_min6	0.00183155695746826	0.00198183402366768	0.0014365522745411
mcomisiones_mantenimiento	0.00175202936008865	0.00366414914158047	0.00381750465549348
mrentabilidad_annual_avg6	0.00172429531504205	0.00206476347725865	0.00409683426443203
mpasivos_margen_lag2	0.00167593120649526	0.00156008992939883	0.00323224261771748
mpayroll_sobre_edad_lag1	0.00160784643244193	0.00127224109696496	0.000665070497472732
mpayroll_lag1	0.00158647327934276	0.00092909185762499	0.000665070497472732
mprestamos_personales_lag2	0.0015585326070373	0.00118052227560662	0.00125033253524874
vm_status01	0.00154835371572331	0.00577659489666357	0.00138334663474328
mcomisiones_max6	0.00144221728243613	0.00294313833023328	0.00388401170524076
mactivos_margen	0.00143826666602212	0.00245020932751843	0.00420324554402767
cprestamos_personales	0.00141399967432651	0.003323032644526	0.00176908752327747
mpasivos_margen_lag1	0.00137503909836191	0.00152074849585661	0.00263367916999202
cproductos_tend6	0.00134804934266927	0.0077376157380791	0.00340516094706039
mcuentas_saldo_max6	0.00134224678419296	0.00166048810333008	0.00304602287842511
mcomisiones_tend6	0.00132317627728861	0.00320832911023084	0.00460228784251131
mcuentas_saldo_tend6	0.00130459368116106	0.00388477869019359	0.00509444001064113
mcomisiones_mantenimiento_delta2	0.00128828640435057	0.00264995291459692	0.00271348762968875
mprestamos_personales_max6	0.00127751524366518	0.00170466343526314	0.00123703112529928
mactivos_margen_min6	0.00123044213882844	0.00374068586610204	0.00525405693003458
mrentabilidad_annual	0.00122272646011135	0.00384668804478541	0.00369779196594839
cproductos_delta2	0.00119860814195364	0.00408820186239171	0.00210162277201383
cpayroll_trx_lag2	0.00119497701410647	0.000978023231042035	0.000585262037776004
mcaja_ahorro_lag1	0.00116311302262803	0.00158387013681874	0.00319233838786911
mcomisiones_mantenimiento_delta1	0.00115801151174836	0.00513061952556882	0.00288640595903166
mprestamos_personales_avg6	0.00111712210406414	0.000840494082706671	0.00109071561585528
mrentabilidad_annual_lag2	0.00109824159609937	0.00238019565775816	0.00373769619579675
mautoservicio	0.0010873255669094	0.00430150778413609	0.00238095238095238
mcuentas_saldo_lag1	0.00106240187316219	0.001807453170268	0.0030194200585262
mcomisiones_otras_lag2	0.00104819961013358	0.0012852313526196	0.00266028198989093
Visa_msaldototal	0.00104677126640437	0.00112442975930035	0.0018488959829742
mcomisiones_lag2	0.00103310851479604	0.00147249583156236	0.00304602287842511
mactivos_margen_avg6	0.00100526853834993	0.00203066045951461	0.00365788773610003
cpayroll_trx_max6	0.000987846411516067	0.00103851974020998	0.000611864857674914
Visa_msaldopesos	0.00098619688517174	0.00253353145072658	0.00211492418196329
ccomisiones_mantenimiento_delta1	0.000984253172684872	0.00250697378278169	0.00133014099494546
mactivos_margen_lag1	0.000979437495967895	0.00150085944123801	0.00300611864857675
vmr_msaldopesos_lag1	0.00095635661858954	0.00113758249893452	0.00110401702580474
mrentabilidad_annual_lag1	0.000905658916317633	0.00163362408538212	0.00333865389731312
mpayroll_max6	0.000901401013115934	0.00390859274844256	0.00174248470337856
mcuentas_saldo_lag2	0.000898298695220261	0.00137525593998312	0.00266028198989093
cdescubierto_preacordado_min6	0.000891838247856804	0.00231469430351258	0.0012902367650971
Visa_mpagominimo	0.000887867980510339	0.00118773250219799	0.00204841713221601
mrentabilidad_annual_delta1	0.000840350700584921	0.00189312454101344	0.00408353285448258
ctrx_quarter_delta1	0.000834015104603031	0.00217478544189377	0.00388401170524076
ctrx_quarter_delta2	0.000817998826387042	0.00222129140340813	0.00391061452513967
Visa_fechaalta_lag2	0.000812007744671461	0.00166465175530538	0.00355147645650439
mpasivos_margen_tend6	0.000808360697083457	0.00285918488906302	0.00421654695397712
vmr_msaldototal_lag1	0.000803118394975363	0.000629439241095284	0.00111731843575419
cliente_edad_lag2	0.00079060737670617	0.00346135051717864	0.00489491886139931
mtarjeta_visa_consumo_tend6	0.000772494508204513	0.00488683770241499	0.00311252992817239
mcuenta_debitos_automaticos_min6	0.000771131557494745	0.00281107439825086	0.00156956637403565
vm_mpagospesos	0.000767226632076902	0.00107518695825588	0.000997605746209098
Visa_fechaalta_lag1	0.000765170298872404	0.0014708828395573	0.00327214684756584
cproductos	0.000761801349086123	0.00330493937638943	0.00219473264166002
cprestamos_personales_tend6	0.000758907565341024	0.00227387866636447	0.00113061984570364
mtransferencias_recibidas	0.000743157566544295	0.000992166107426429	0.00234104815110402
mrentabilidad_avg6	0.000736667492340492	0.00110228623946585	0.00254056930034584
mactivos_margen_delta1	0.000728455501025228	0.00397382498859705	0.00348496940675712
vm_status06	0.000722192277824309	0.000834206291207386	0.000425645118382549
mcuentas_saldo_delta2	0.000719444117670879	0.00454789442858666	0.00376429901569566
vmr_msaldototal	0.0007175172437214	0.00104946202070605	0.00144985368449056
mrentabilidad_max6	0.000716829425553162	0.00140556766487159	0.00356477786645384
ctarjeta_master	0.000714025360749881	7.32819673067373e-05	0.000186219739292365
mcuenta_corriente_avg6	0.000712628271713913	0.00372809335768894	0.00413673849428039
mcuenta_corriente_max6	0.000705611736811394	0.00304619040916342	0.00289970736898111
mcaja_ahorro_avg6	0.000703914874128869	0.00118010252532618	0.00285980313913275
mrentabilidad_tend6	0.000699447518138807	0.00173880199637769	0.00421654695397712
Master_fechaalta	0.000699207328583486	0.00203027456006324	0.00376429901569566
mcuenta_debitos_automaticos	0.000693825836405197	0.0017057466617933	0.00175578611332801
Visa_fechaalta	0.000687723495797159	0.00170015788991426	0.00316573556797021
mrentabilidad_annual_min6	0.00068617835389053	0.00215118972149229	0.00339185953711093
cliente_edad_lag1	0.000682891610318994	0.00275846343971418	0.00411013567438148
Master_status	0.000676995452217539	0.000622728314232656	0.000319233838786911
mpasivos_margen_min6	0.000670513441370015	0.0013876605762949	0.00289970736898111
cprestamos_personales_min6	0.000660676656067742	0.00194219470282966	0.00091779728651237
mpayroll_sobre_edad_lag2	0.000653122886289283	0.00105690074039363	0.00074487895716946
mcaja_ahorro_tend6	0.000646691886234904	0.00219967426396564	0.00295291300877893
cproductos_min6	0.000640222754012902	0.000862644372706978	0.00140994945464219
Visa_status	0.000638014601663587	0.00351282747294156	0.000784783187017824
mv_status07	0.000636064553108896	0.00109099191034749	0.00054535780792764
Master_Fvencimiento	0.000632121603925092	0.00174787571110923	0.00409683426443203
mactivos_margen_lag2	0.000628528276373365	0.00140186776925452	0.00263367916999202
ccomisiones_otras	0.000622396501792012	0.00175290763685011	0.00206171854216547
mrentabilidad_annual_delta2	0.000618339160252004	0.0016757260540348	0.00379090183559457
mpayroll_avg6	0.000617067063868417	0.00172077304481635	0.00110401702580474
mcuenta_corriente_delta1	0.000615861880970205	0.00321033477185309	0.00329874966746475
mactivos_margen_delta2	0.000615459607057451	0.00299191398983662	0.00336525671721202
mcuenta_corriente	0.000613555867080218	0.00135720329284143	0.00252726789039638
mcuenta_corriente_min6	0.000608684090704392	0.00164286197663464	0.0034317637669593
mcomisiones_delta2	0.000603330164318937	0.00162794222372315	0.00324554402766693
mcuentas_saldo_avg6	0.000601730384216211	0.00188334165141293	0.00254056930034584
numero_de_cliente	0.000599344344686471	0.00290641187323652	0.00426975259377494
ctrx_quarter_normalizado_delta1	0.000598683287262972	0.00191773409374549	0.00305932428837457
cliente_edad	0.000598147460044036	0.00244662621726164	0.00392391593508912
vm_Fvencimiento_lag1	0.000595822824003912	0.00263129941523928	0.00351157222665603
cprestamos_personales_avg6	0.000578407344571296	0.000630302437236505	0.000731577547220005
mcuenta_corriente_lag2	0.000573549241399491	0.00250159150095996	0.00332535248736366
mcuenta_corriente_lag1	0.000565484654871526	0.00150008594979381	0.00281989890928438
mrentabilidad_annual_tend6	0.000563961770879962	0.00310029080417907	0.0037243947858473
ccallcenter_transacciones	0.000554213229110325	0.00586160786878364	0.00208832136206438
ctarjeta_debito_transacciones	0.000547817154542399	0.00142364400759363	0.00139664804469274
Master_Fvencimiento_lag1	0.000545922180737693	0.00121434602401084	0.00360468209630221
cliente_edad_min6	0.000545832086907748	0.00217278655043734	0.00373769619579675
vmr_msaldopesos	0.000544332075871411	0.000727271522183213	0.00123703112529928
mrentabilidad_min6	0.000543694204173995	0.00187849929031483	0.00335195530726257
mcomisiones_otras_lag1	0.00054018153999447	0.00119570945006774	0.00240755520085129
Master_fechaalta_lag1	0.000535491309834077	0.00232287604889819	0.0034317637669593
mcomisiones_otras	0.000532237794259074	0.00109805657837387	0.00248736366054802
ctarjeta_visa_transacciones_tend6	0.000530513266962448	0.00216746689264939	0.00289970736898111
Master_Fvencimiento_lag2	0.000530314784834784	0.00186723204185972	0.00364458632615057
ctrx_quarter_normalizado_delta2	0.000530075936978881	0.00139546827001931	0.00271348762968875
mactivos_margen_tend6	0.000529155386469229	0.00165717241462292	0.00355147645650439
Visa_Fvencimiento	0.000528311392488765	0.000964323800518425	0.0028731045490822
vmr_mpagominimo	0.000526400873234014	0.00077145870190645	0.00152966214418728
mcomisiones	0.000526171588937739	0.000826649093618071	0.00215482841181165
cliente_edad_avg6	0.000523307243200721	0.00218017280133986	0.00347166799680766
mcuenta_corriente_tend6	0.00052276692655515	0.00200467148549805	0.0031391327480713
Master_fechaalta_lag2	0.000513825340829265	0.00174516256715947	0.00323224261771748
mrentabilidad_lag2	0.000500288777584855	0.00100270217797368	0.00259377494014366
mcaja_ahorro_dolares_tend6	0.000498203189686282	0.00296304769534932	0.00275339185953711
cliente_edad_max6	0.000489702529370005	0.00274944727139206	0.00309922851822293
mcuenta_corriente_delta2	0.000486107104968221	0.00207812101440868	0.00321894120776802
mrentabilidad_delta2	0.000484121864405194	0.00170151530815986	0.00344506517690875
vm_Fvencimiento_lag2	0.000481718780813987	0.00125519212690512	0.0028731045490822
mtarjeta_visa_consumo_lag1	0.000474140206721265	0.000433869461240817	0.00107741420590583
vm_fechaalta_lag2	0.000473867268297384	0.0013803386419676	0.00271348762968875
mcomisiones_lag1	0.000469729222534347	0.00108045245471733	0.00266028198989093
vm_Fvencimiento	0.000467050339201174	0.0017402355789887	0.00323224261771748
mcaja_ahorro_delta1	0.000462083244633779	0.00167739489990783	0.00251396648044693
mrentabilidad	0.000462010168435925	0.00115811641184685	0.00244745943069965
mttarjeta_visa_debitos_automaticos_tend6	0.000454643409360811	0.0047716957998834	0.00260707635009311
cproductos_avg6	0.00045461732537672	0.0035290775634354	0.00268688480978984
ccaja_ahorro	0.000453778180702779	0.00210427924257057	0.000971002926310189
mpasivos_margen_delta1	0.000446901423334793	0.00219600483409473	0.00300611864857675
mcuentas_saldo_delta1	0.000443709431006694	0.001471184111936	0.0025804735301942
ctarjeta_visa_min6	0.000443469813277571	0.000160865909894485	0.000106411279595637
ccallcenter_transacciones_delta2	0.000442380049053978	0.00356234954332583	0.0017291832934291
cdescubierto_preacordado	0.000442351032294544	0.00154277861541372	0.000771481777068369
azar_sampling	0.00043966698559828	0.00161434265314528	0.00375099760574621
cliente_antiguedad_lag2	0.000439545195789065	0.00101401512504803	0.00274009044958766
Visa_Fvencimiento_lag2	0.000439185854401363	0.00117538033467127	0.00288640595903166
mactivos_margen_max6	0.000438655340957821	0.00105445163291059	0.00256717212024475
vm_msaldototal_lag1	0.000436149288022439	0.000484188718649628	0.000837988826815642
mrentabilidad_delta1	0.000433147311171213	0.00231133460872764	0.00325884543761639
Visa_Fvencimiento_lag1	0.000432889046644034	0.000975689216377832	0.00277999467943602
chomebanking_transacciones_delta2	0.000431819018167345	0.00417779315914316	0.0031391327480713
vm_fechaalta	0.000422396783332233	0.00114399046087699	0.00275339185953711
mttarjeta_visa_debitos_automaticos_avg6	0.000421307100344055	0.00190347612454227	0.00212822559191274
vm_status04	0.000419694522687917	0.0010305258669257	0.000438946528332003
cdescubierto_preacordado_avg6	0.000415549910955962	0.00178633533055425	0.000824687416866188
mcomisiones_otras_delta2	0.000413743213899348	0.00111804549293822	0.00262037776004256
Master_mfinanciacion_limite_delta2	0.000413310545956156	0.00184203856232625	0.00280659749933493
Visa_cconsumos_lag1	0.000413146965806051	0.000979856253436039	0.00207501995211492
vm_status06_delta2	0.000408378467354309	0.00181660135682349	0.000558659217877095
mpasivos_margen_delta2	0.000408359530803864	0.00159159658855339	0.00289970736898111
vm_mpagominimo_lag2	0.000406411778733312	0.00185590724699519	0.00180899175312583
mcuenta_debitos_automaticos_tend6	0.00040068476972965	0.00455393849411666	0.0022878425113062
cliente_antiguedad	0.000397335543898332	0.00106987576317519	0.00256717212024475
cliente_antiguedad_min6	0.000396863129303772	0.00128247420259206	0.00259377494014366
vm_fechaalta_lag1	0.000393510963023137	0.00099096778807744	0.00219473264166002
Visa_cconsumos_delta2	0.000390630212016174	0.00319582630651477	0.00211492418196329
mautoservicio_avg6	0.000388529104052299	0.00208947966010227	0.00171588188347965
ctarjeta_visa_transacciones_delta2	0.00038824401491663	0.00314810340769543	0.00191540303272147
chomebanking_transacciones_lag2	0.000383459021720141	0.001422977146261	0.00260707635009311
mtarjeta_master_consumo	0.000378750644150728	0.00123079583439619	0.000891194466613461
vmr_msaldopesos2	0.000378722859612218	0.000654038638578623	0.00178238893322692
cprestamos_personales_lag1	0.000369274110267427	0.00224775767411454	0.000957701516360734
chomebanking_transacciones	0.000367463427894237	0.000930434042997516	0.0025804735301942
cdescubierto_preacordado_delta2	0.000367109378199679	0.010615208707989	0.00156956637403565
ccomisiones_mantenimiento	0.000366782414702809	0.00172792064737395	0.00107741420590583
ccaja_seguridad	0.000366725638167939	0.00603981386586794	0.00119712689545092
vm_status01_delta1	0.000366520414516542	0.000770421173995531	0.000332535248736366
mcaja_ahorro_dolares_max6	0.000363279126488212	0.001350593918466	0.00224793828145783
mcaja_ahorro_delta2	0.000363006322876208	0.00110800872211971	0.00232774674115456
mautoservicio_max6	0.000362733602673758	0.00245038873691249	0.0021415270018622
mttarjeta_visa_debitos_automaticos_max6	0.000358445368928956	0.00130750519814601	0.00182229316307529
mpayroll_lag2	0.000354586069478689	0.00112520325074454	0.000718276137270551
Master_mfinanciacion_limite_lag1	0.000349072046530678	0.000973128401158877	0.00231444533120511
vmr_mpagospesos_delta2	0.000339305126015439	0.0012827957854682	0.0021415270018622
vmr_msaldopesos2_lag2	0.000336896855794513	0.00193112209664168	0.00219473264166002
ccomisiones_otras_lag1	0.000336705459639612	0.000747404302771097	0.00138334663474328
Master_mlimitecompra_delta2	0.000336655725601633	0.00140016845763533	0.00235434956105347
mtransferencias_recibidas_lag2	0.000335766437778473	0.000720084991172186	0.00180899175312583
mrentabilidad_lag1	0.000334827396304022	0.000969496207199936	0.00238095238095238
Visa_mpagominimo_lag2	0.000332296323286319	0.00140371940960451	0.00212822559191274
mcaja_ahorro_dolares_delta2	0.000329164935267499	0.00138230199005351	0.00191540303272147
mtarjeta_visa_consumo_min6	0.000327060031055815	0.000736387550451085	0.00123703112529928
chomebanking_transacciones_lag1	0.000325734024066996	0.001039027502646	0.00227454110135674
cliente_antiguedad_lag1	0.000325507856556762	0.00102757238208956	0.0022878425113062
Visa_msaldopesos_delta2	0.000325243353001426	0.00079544201430076	0.0019952114924182
Visa_mfinanciacion_limite_delta2	0.00032437359198212	0.00118273442728618	0.00227454110135674
Master_mfinanciacion_limite	0.000321708295139023	0.000893347074671183	0.00227454110135674
Master_status_delta1	0.000320593455980579	3.4273964430825e-05	0.000106411279595637
mtarjeta_visa_consumo_max6	0.000320427768431079	0.000998880419371964	0.00164937483373238
Visa_mpagospesos_delta2	0.000320211529917774	0.00105546715778262	0.00231444533120511
Master_mfinanciacion_limite_lag2	0.00032020353097936	0.000822113082523029	0.00219473264166002
mtarjeta_master_consumo_max6	0.000314412845981095	0.00219226262494132	0.00122372971534983
ctarjeta_visa_transacciones_delta1	0.000308335622910899	0.00252133330447212	0.0018754988028731
ccuenta_debitos_automaticos_tend6	0.000307754266784305	0.00444549736319898	0.00175578611332801
cpagomiscuentas_tend6	0.000304438319045618	0.00326779824673659	0.00238095238095238
cdescubierto_preacordado_tend6	0.000302444467770478	0.00352766259878038	0.000651769087523277
ctarjeta_visa_transacciones_min6	0.000302027582360712	0.000937595185886742	0.0012902367650971
vmr_msaldopesos_delta1	0.000301826731123972	0.00179655997347408	0.00166267624368183
Visa_mpagominimo_lag1	0.000300119451854835	0.000755359247601955	0.00167597765363129
mcuenta_debitos_automaticos_lag2	0.000299792083875984	0.000857876483432823	0.000997605746209098
mcomisiones_mantenimiento_lag2	0.000298899758753056	0.000883430474295865	0.00131683958499601
vmr_mpagominimo_lag2	0.000296104074877894	0.00127388624725764	0.00195530726256983
Visa_cconsumos_lag2	0.000295612292021198	0.000747747888686132	0.00164937483373238
ctarjeta_visa_transacciones_max6	0.000293697348198939	0.000943554624344072	0.00167597765363129
mcuenta_debitos_automaticos_lag1	0.000293359928940506	0.000495630298874437	0.000877893056664006
ccallcenter_transacciones_delta1	0.000291810153493306	0.00429927532195909	0.00160947060388401
cprestamos_personales_delta2	0.000291531859572269	0.00104746820687397	0.000532056397978186
mcaja_ahorro_dolares_avg6	0.000287765938091605	0.00114805763798945	0.0018488959829742
Visa_mfinanciacion_limite_lag2	0.000286981553452416	0.000946228839840403	0.00212822559191274
Visa_mfinanciacion_limite	0.000286379213309899	0.000892649747592393	0.00203511572226656
Master_mlimitecompra_delta1	0.000283589481439766	0.00080082429612249	0.0019952114924182
ctarjeta_debito_transacciones_tend6	0.000282439111128891	0.00101951249968859	0.00198191008246874
Visa_mpagominimo_delta1	0.000277633669698954	0.00076315678607765	0.00155626496408619
vm_mpagominimo_lag1	0.000277148059163039	0.000760271002899647	0.00126363394519819
chomebanking_transacciones_delta1	0.000276918552424015	0.00165191707341019	0.00218143123171056
mprestamos_personales_delta2	0.000276362530134457	0.00529975519300449	0.00154296355413674
ccajas_consultas	0.000275609618994939	0.00530368019663486	0.00106411279595637
Visa_msaldototal_delta2	0.000275533026905681	0.000730362102877074	0.0017291832934291
vm_msaldopesos_lag1	0.000272259932649321	0.000636810259124728	0.00107741420590583
mtransferencias_emitidas	0.000271590422249211	0.00130544029757289	0.00151636073423783
cproductos_delta1	0.000271119597972853	0.00136970440401605	0.000518754988028731
mprestamos_personales_tend6	0.000269724977100564	0.00329503800888719	0.0012902367650971
vmr_msaldototal_delta1	0.000269498564064626	0.00162928271655422	0.00156956637403565
ccomisiones_otras_lag2	0.000268646229769649	0.000956292691322165	0.0015828677839851
Master_mfinanciacion_limite_delta1	0.000268529232923016	0.000725306481555845	0.0018488959829742
ccaja_ahorro_max6	0.00026521624307973	0.00128960149465221	0.000678371907422187
ctarjeta_visa_debitos_automaticos_tend6	0.000262533010745926	0.00151492107563264	0.00162277201383347
vmr_mpagospesos	0.000262448803930535	0.000750092058599055	0.00140994945464219
ctarjeta_visa_transacciones_avg6	0.000261599707106393	0.000633613048319305	0.00125033253524874
Visa_mlimitecompra_delta1	0.00026124776439559	0.00104744620383508	0.00192870444267092
vm_cconsumos_lag2	0.000260558456564416	0.00135050082868607	0.00150305932428837
ctarjeta_debito_avg6	0.00025921465128596	0.00113439036575345	0.00168927906358074
ccaja_seguridad_avg6	0.000258541569164801	0.00136672045343375	0.000452247938281458
Master_mlimitecompra_lag2	0.000258054748062985	0.00082146145406348	0.00186219739292365
mtarjeta_visa_consumo_avg6	0.000257407386118069	0.000479136482411306	0.00119712689545092
mttarjeta_visa_debitos_automaticos_delta2	0.000255797501791215	0.00159678930573234	0.0015828677839851
mcuenta_debitos_automaticos_avg6	0.000254691053141913	0.000885117938124879	0.00125033253524874
mcaja_ahorro_dolares_min6	0.000252071223688013	0.00089239248129148	0.0017291832934291
ctarjeta_debito_transacciones_max6	0.00025152810694255	0.000626871655710516	0.00167597765363129
Master_msaldototal	0.000251244975046308	0.000896503664481726	0.00091779728651237
matm	0.000250812280221177	0.000658442631440302	0.000718276137270551
vm_mfinanciacion_limite_delta2	0.000249767364593192	0.000749547060251069	0.00179569034317638
mtransferencias_emitidas_delta2	0.0002497207909104	0.00157212220659087	0.00151636073423783
mcaja_ahorro_dolares	0.000249218964719864	0.000789025589651019	0.00144985368449056
Visa_mconsumospesos_delta1	0.000248631658200492	0.000651638614797739	0.00164937483373238
mttarjeta_visa_debitos_automaticos_lag2	0.000246259137310532	0.000745134604682122	0.00117052407555201
mcaja_ahorro_dolares_delta1	0.000245688301230001	0.000783277718875361	0.00144985368449056
mextraccion_autoservicio_delta2	0.000244765166313933	0.00389095138887404	0.00202181431231711
vm_status05	0.00024433928094747	0.000678868221699621	0.000359138068635275
mcomisiones_delta1	0.000243385840587917	0.000711661212358743	0.00182229316307529
Visa_msaldopesos_lag2	0.000243323462991898	0.000595033258431096	0.0012902367650971
mautoservicio_tend6	0.000242515350789844	0.0013484122325326	0.00175578611332801
Visa_mconsumospesos_lag1	0.000242484699100902	0.000740689990825562	0.00170258047353019
vmr_msaldototal_delta2	0.000241663309167027	0.00209858214803851	0.00142325086459165
Visa_status_delta1	0.000238027722670298	0.000477943240686678	0.000146315509444001
Visa_mlimitecompra_delta2	0.000236161208665163	0.0010992752082203	0.0018754988028731
Master_mlimitecompra	0.000235658915170622	0.000557308201976841	0.00159616919393456
Visa_mconsumospesos_lag2	0.00023352863165614	0.000605117420410299	0.00179569034317638
Visa_mfinanciacion_limite_lag1	0.000233305191059765	0.000816189187436219	0.00176908752327747
Visa_mlimitecompra_lag2	0.000232717385156322	0.000750273160534566	0.00170258047353019
mv_status07_delta2	0.000232570445367611	0.000811957833802784	0.000438946528332003
Visa_cconsumos	0.000232286990202922	0.000686440652162016	0.00154296355413674
vmr_mpagominimo_lag1	0.00023163598783496	0.000445849269647799	0.00119712689545092
mcaja_ahorro_dolares_lag2	0.000231199450246758	0.000916888633746163	0.00160947060388401
mpayroll_delta2	0.000230502213404298	0.00188212132902505	0.00111731843575419
cproductos_max6	0.000230480483909733	0.00121847074753272	0.0012902367650971
cprestamos_personales_lag2	0.000229992622612525	0.000749017294776163	0.00057196062782655
ctarjeta_debito_transacciones_avg6	0.000229891712833664	0.00040116956036163	0.00126363394519819
Visa_mpagominimo_delta2	0.000229332447143257	0.00061666055312231	0.00147645650438947
Visa_msaldopesos_delta1	0.000229026205936507	0.000481748073873863	0.00162277201383347
mtransferencias_recibidas_delta2	0.000227824506405275	0.000768457825909617	0.00162277201383347
mtarjeta_visa_consumo_lag2	0.000227787733172293	0.000385902836452196	0.00091779728651237
ccallcenter_transacciones_lag1	0.000226998971778229	0.00399894568884803	0.00123703112529928
vm_mpagospesos_delta2	0.000226864824898701	0.00105606970254002	0.00152966214418728
ccomisiones_mantenimiento_lag2	0.000226663092699365	0.000168710839530874	0.000532056397978186
Visa_cconsumos_delta1	0.000226018975580781	0.000842465893499852	0.00142325086459165
Visa_mconsumospesos	0.000225955758117984	0.000438974166264193	0.00154296355413674
vmr_mpagominimo_delta1	0.000223540328479956	0.00193863021052885	0.00138334663474328
mcomisiones_mantenimiento_lag1	0.000223177046030289	0.00122028684451219	0.00138334663474328
cliente_antiguedad_max6	0.000222427479708929	0.000675786103713027	0.00162277201383347
vm_fultimo_cierre_lag2	0.00022228112702527	0.000796222275910766	0.00159616919393456
Master_msaldopesos	0.000221844223656604	0.000711151757381278	0.000824687416866188
mautoservicio_min6	0.00022040968330732	0.00285472673487483	0.00101090715615855
Visa_mconsumospesos_delta2	0.000220407665365453	0.00063743311437957	0.00166267624368183
Master_mlimitecompra_lag1	0.000220292200757685	0.00050032710140755	0.00139664804469274
vmr_Master_mlimitecompra_lag1	0.00021961043322984	0.000816133333568258	0.00159616919393456
vm_mlimitecompra_delta2	0.000218678263354358	0.000574424873694813	0.00150305932428837
Visa_msaldopesos_lag1	0.000218273303564618	0.000867892943753891	0.0012902367650971
ccuenta_debitos_automaticos	0.000217819405038794	0.00241609446198422	0.000837988826815642
mttarjeta_visa_debitos_automaticos_delta1	0.000216764950979299	0.00140355692562498	0.00152966214418728
matm_delta2	0.000216543906767771	0.00319232443824773	0.00174248470337856
Visa_msaldototal_lag1	0.000216288339273858	0.000713890289452837	0.00127693535514765
vm_mconsumospesos	0.000216238702367382	0.000439928759643896	0.00103750997605746
Visa_mfinanciacion_limite_delta1	0.000215402073107794	0.000553543989784537	0.00168927906358074
Visa_mpagospesos	0.000214281236292079	0.000913767587306141	0.00152966214418728
Visa_mpagospesos_lag1	0.000213662970549038	0.000485058684956662	0.00123703112529928
ctarjeta_visa_transacciones_lag2	0.000213561991649139	0.000659143343601999	0.00125033253524874
Visa_mpagospesos_delta1	0.000212943062498899	0.000667931018827918	0.00166267624368183
cproductos_lag1	0.000212779329499221	0.00137609205546108	0.00110401702580474
Master_fultimo_cierre_lag1	0.000211464522942215	0.000652457804861172	0.00127693535514765
vm_status02	0.000210603556766634	0.000470980125147497	0.000239425379090184
vm_mpagominimo_delta2	0.000210356185809049	0.000804429409418176	0.00140994945464219
mcomisiones_otras_delta1	0.000210334693362427	0.00053106196165937	0.00160947060388401
vmr_msaldopesos_lag2	0.000209579742157336	0.000550500800251371	0.00119712689545092
mtransferencias_recibidas_delta1	0.000209479305106311	0.00118775112015398	0.00166267624368183
vmr_msaldopesos_delta2	0.000209376677186457	0.00183174452520682	0.0011439212556531
vm_cconsumos_delta2	0.000209220804910754	0.00197451208934038	0.00142325086459165
vm_cconsumos_lag1	0.000208596846963156	0.000835734656139783	0.00125033253524874
Visa_msaldototal_delta1	0.000208456796131979	0.000531204135141453	0.00130353817504656
vm_status06_delta1	0.000208303558834456	0.000783956427998164	0.000186219739292365
Master_fultimo_cierre_lag2	0.000207928808019996	0.000613603823257516	0.00142325086459165
mcaja_ahorro_dolares_lag1	0.000207576297228936	0.000585142046177578	0.00146315509444001
mtransferencias_recibidas_lag1	0.000205507277098774	0.000533375665826132	0.00146315509444001
mcuenta_debitos_automaticos_max6	0.000205271037281533	0.000513371518388704	0.00106411279595637
ctarjeta_visa_debitos_automaticos_avg6	0.000204332736912112	0.00050392375199597	0.00106411279595637
vmr_msaldopesos2_delta2	0.000204273435027259	0.00120636399851673	0.00152966214418728
mpayroll_tend6	0.000203677597765914	0.00134707004716008	0.00111731843575419
mtarjeta_visa_consumo_delta1	0.000201180681426483	0.00117252840232233	0.0012902367650971
vmr_msaldopesos2_lag1	0.000200389732729961	0.000486116523365021	0.00134344240489492
vmr_Visa_mlimitecompra	0.000200011516195118	0.000868837381884873	0.00155626496408619
vmr_Master_mlimitecompra_lag2	0.000199955751772628	0.000614236833761078	0.0012902367650971
cplazo_fijo_tend6	0.000199825631487225	0.00461465334113209	0.00109071561585528
vm_mfinanciacion_limite	0.000199183732189799	0.000442640211052201	0.00119712689545092
Visa_mpagospesos_lag2	0.000196901025779407	0.000682075587753765	0.00152966214418728
vmr_mpagominimo_delta2	0.000196120104364025	0.00081911897669201	0.0012902367650971
cliente_antiguedad_avg6	0.00019537282268146	0.000839849224412936	0.00152966214418728
mautoservicio_lag2	0.000194704426107834	0.000904241964006552	0.00118382548550146
thomebanking	0.000192625161342512	0.000881304642230427	0.000904495876562916
vmr_mpagospesos_lag2	0.000192118991323561	0.000490647456835704	0.00146315509444001
mtransferencias_emitidas_lag1	0.000190937504725898	0.00145211932500519	0.00130353817504656
vmr_Master_mlimitecompra	0.000190737740328354	0.000766299835556565	0.00142325086459165
vmr_Visa_mlimitecompra_lag2	0.000190021977456193	0.000541777441600681	0.00105081138600692
mtransferencias_emitidas_lag2	0.000189468527313579	0.000693146501400284	0.00123703112529928
ctransferencias_recibidas_lag2	0.000186466206493093	0.000864323373828725	0.00139664804469274
vmr_msaldototal_lag2	0.000186352681753951	0.000585235135957514	0.00115722266560255
ccaja_ahorro_avg6	0.000185601880814414	0.00163411322986215	0.000811386006916733
Visa_mlimitecompra_lag1	0.000185307776476158	0.000440781800536397	0.00123703112529928
vm_msaldopesos_lag2	0.000185102412620432	0.000956284228614898	0.00105081138600692
mtarjeta_visa_consumo_delta2	0.000184167520462652	0.00123445510901838	0.00125033253524874
ctarjeta_visa_transacciones_lag1	0.000181104406991186	0.000727396770250762	0.00115722266560255
ccaja_seguridad_min6	0.000180312796900387	0.000914151794216058	0.000305932428837457
ctarjeta_debito_transacciones_lag2	0.000179663377963741	0.000627619759032907	0.00107741420590583
ctransferencias_recibidas_lag1	0.000177105924958334	0.00182578000912513	0.00138334663474328
mpayroll_sobre_edad_delta2	0.000175560401261076	0.00175804788524401	0.00106411279595637
vmr_mpagospesos_lag1	0.000174783228231786	0.000642942336810303	0.0011439212556531
vm_status05_delta1	0.000174482711136925	0.00125907143191625	0.000279329608938548
mttarjeta_visa_debitos_automaticos_lag1	0.000173329918927312	0.000495493203016713	0.00101090715615855
cpagomiscuentas_max6	0.000172595622591	0.000601547850485133	0.00117052407555201
ctransferencias_recibidas	0.00017185983553232	0.00105677041470172	0.00122372971534983
ccajas_consultas_delta1	0.00017052666344728	0.00248064968555736	0.000598563447725459
ctarjeta_master_min6	0.000170321871012404	6.08350174586243e-05	0.000146315509444001
Master_fultimo_cierre	0.000167844716052665	0.000585839373256368	0.00121042830540037
vm_fultimo_cierre_delta2	0.000166407346649899	0.000312879827987825	0.000931098696461825
vmr_Visa_mlimitecompra_lag1	0.000166395347200119	0.000522328447759959	0.00117052407555201
vm_status04_delta1	0.000165621828935362	0.00103987715845559	0.000252726789039638
cliente_edad_tend6	0.000164988418830879	0.000658704975365575	0.00125033253524874
tcallcenter_delta2	0.000164926138315695	0.00107062217395613	0.000718276137270551
vm_msaldototal_delta2	0.000164858848132811	0.000690665235629638	0.00118382548550146
ctarjeta_debito_transacciones_delta2	0.000164348415815659	0.00166231604809972	0.00115722266560255
vm_fultimo_cierre	0.000163480415429789	0.000670610311948609	0.00125033253524874
vmr_msaldopesos2_delta1	0.000162027436668145	0.000676341257309733	0.00125033253524874
Visa_mconsumototal_delta1	0.00016135971848419	0.000471005513269297	0.00121042830540037
mpagomiscuentas	0.000161101077711199	0.000555730753342297	0.000904495876562916
cpagomiscuentas_avg6	0.000160758970562247	0.000639308450309909	0.00102420856610801
ccaja_seguridad_lag1	0.000160318286918582	0.000731887082726564	0.000292631018888002
Visa_mconsumototal	0.000160073428378999	0.000404982856256081	0.00113061984570364
tcallcenter_lag2	0.000159310991362241	0.000789419951809655	0.000625166267624368
mtransferencias_emitidas_delta1	0.000158389501444893	0.00217044915069023	0.00130353817504656
Master_mconsumospesos	0.000157374732396239	0.00070333221586669	0.00074487895716946
Visa_mconsumototal_delta2	0.000156644514159727	0.000583395343397696	0.00117052407555201
vm_msaldototal_lag2	0.000156340225970653	0.000873627274197922	0.000824687416866188
mttarjeta_visa_debitos_automaticos_min6	0.000156130732466268	0.000729991436298785	0.00109071561585528
vm_mpagospesos_lag2	0.000155859428609443	0.000473436002796343	0.00106411279595637
ctarjeta_visa	0.000154951748228911	0.000401350662297141	0.000133014099494546
Visa_mconsumosdolares	0.000154838232488033	0.00109954262976993	0.00094440010641128
vm_cconsumos	0.000154662889187291	0.000693867524059422	0.00094440010641128
Visa_msaldototal_lag2	0.000154020014671346	0.000390508241746826	0.000984304336259643
mextraccion_autoservicio_lag2	0.000152722466766092	0.00142867085571015	0.00126363394519819
Master_msaldototal_delta2	0.000149106547100205	0.00117074615617193	0.000864591646714552
ccaja_ahorro_lag2	0.00014905187567083	0.000586221887624831	0.000505453578079276
mprestamos_personales_delta1	0.000148947175280598	0.00292576100713149	0.000931098696461825
mautoservicio_lag1	0.000148902875226712	0.000423717597603479	0.00091779728651237
ccajas_otras_delta1	0.000148000830937683	0.00281218470544428	0.000518754988028731
Visa_mlimitecompra	0.000146293635147193	0.000477435478250665	0.00107741420590583
cmobile_app_trx	0.000145657067789817	0.00239211961229718	0.00117052407555201
cmobile_app_trx_lag1	0.000145058376584957	0.00194851634515801	0.00106411279595637
mautoservicio_delta2	0.000145050363348815	0.000795516486124709	0.00110401702580474
vm_mpagospesos_lag1	0.000144648791386437	0.000475429816628417	0.000904495876562916
mtarjeta_master_consumo_avg6	0.000144576789721667	0.000694842427936565	0.000691673317371641
foto_mes	0.000143945074008474	0.000855501847773739	0.00103750997605746
mautoservicio_delta1	0.000143641606975468	0.00120947488970803	0.00111731843575419
Visa_status_delta2	0.000142843152054786	0.000766313375888192	0.000226123969140729
Visa_mconsumototal_lag2	0.000141063744703564	0.000390135882627084	0.00113061984570364
ctarjeta_master_transacciones	0.000140834444899275	0.000169677280700751	0.000226123969140729
tcallcenter	0.000140537127704059	0.00032280489107041	0.000305932428837457
ccaja_ahorro_min6	0.000140251770613385	0.00178271667692694	0.000731577547220005
vm_mfinanciacion_limite_delta1	0.000139584595650959	0.000408846928394135	0.00109071561585528
mpayroll_delta1	0.000139195829811302	0.00114253826031	0.000691673317371641
ctarjeta_visa_debitos_automaticos_max6	0.000139085517360251	0.000349684141891444	0.000665070497472732
ccajas_consultas_delta2	0.000138255485695932	0.00363915368939704	0.000771481777068369
ccajas_transacciones_delta2	0.000138013186967818	0.000818342100164911	0.000438946528332003
Visa_mconsumototal_lag1	0.000136913234434005	0.000509016609229172	0.000984304336259643
vmr_mpagospesos_delta1	0.000136861516623149	0.000556301139812084	0.000957701516360734
vm_msaldototal_delta1	0.000136716129865234	0.000466784314884582	0.000851290236765097
Master_msaldototal_lag1	0.000136698649824407	0.000637500816037705	0.000731577547220005
Visa_fultimo_cierre_lag2	0.000136056718145207	0.000340199139586735	0.000997605746209098
vm_status04_delta2	0.000135406556133794	0.000646148010322993	0.000159616919393456
ccuenta_debitos_automaticos_avg6	0.000134905294639016	0.000491596972591046	0.000891194466613461
mtarjeta_visa_descuentos_delta2	0.000134261045161803	0.0035382832964003	0.00094440010641128
Master_mconsumototal	0.000134156600500066	0.000472203832618286	0.00057196062782655
vm_mlimitecompra	0.000133481447635863	0.000632341949687821	0.000931098696461825
vm_mfinanciacion_limite_lag2	0.000133391877981853	0.000506533650917073	0.00105081138600692
vm_mconsumototal	0.000132641193906895	0.000457786764518446	0.00074487895716946
vm_mpagominimo_delta1	0.000131121746750065	0.000443058268791185	0.00091779728651237
ctarjeta_debito_max6	0.000130961757534858	0.000529095228490549	0.00091779728651237
vm_mpagospesos_delta1	0.00013053027720589	0.00125695744764099	0.00111731843575419
cseguro_accidentes_personales_avg6	0.000129965135969284	0.00133777968712251	0.000877893056664006
vm_status05_delta2	0.000129816232504663	0.00041127234029682	0.000146315509444001
cmobile_app_trx_lag2	0.000129624555508118	0.00114757357113378	0.00094440010641128
vmr_mconsumototal_lag2	0.000127907121775315	0.000388754768801131	0.000837988826815642
ctarjeta_visa_avg6	0.000126976754403869	0.000327918058801053	0.000146315509444001
mpagomiscuentas_delta2	0.000126901446152911	0.000955014822524868	0.000997605746209098
Master_mpagominimo	0.000126722856404589	0.000571486621731756	0.000784783187017824
vmr_mconsumospesos_lag2	0.000126368380265559	0.000466774159635862	0.000864591646714552
Master_mpagominimo_delta2	0.000124682754893594	0.000807899119397593	0.000784783187017824
vm_status03	0.00012418603826139	4.1572203177774e-05	0.000159616919393456
ctarjeta_visa_tend6	0.000121517695338985	0.000250130546145434	0.000133014099494546
vm_msaldopesos_delta2	0.000121244281604614	0.000530151374357454	0.000957701516360734
ccuenta_debitos_automaticos_lag1	0.000121047544262662	0.000221629840612068	0.000332535248736366
vmr_mconsumospesos_delta2	0.000120704645552072	0.000536862301220083	0.000864591646714552
vmr_mconsumospesos_lag1	0.000120393543532445	0.000389435170465387	0.000931098696461825
cpayroll_trx_tend6	0.000119975451740384	0.00082147668693656	0.000771481777068369
ctransferencias_emitidas	0.000119161252722935	0.0027639117306526	0.000891194466613461
Visa_mpagado_delta1	0.00011745785554253	0.000690196401647053	0.000771481777068369
vmr_mconsumospesos	0.000115166576025259	0.000779753847569436	0.00094440010641128
vm_mfinanciacion_limite_lag1	0.000114987927347175	0.000285049368869995	0.000784783187017824
vm_fultimo_cierre_lag1	0.000114948414609212	0.000400099874163097	0.000891194466613461
matm_delta1	0.000113615240128934	0.00114529541033754	0.000957701516360734
Visa_mconsumosdolares_delta1	0.000113526487794582	0.000582374740901311	0.000798084596967279
vm_mconsumototal_delta2	0.000113183203957375	0.000303584390325894	0.000704974727321096
ccajas_transacciones	0.000112749434628524	0.000325252306011989	0.000279329608938548
ccaja_ahorro_lag1	0.000112747220102113	0.000642355024925982	0.000452247938281458
vm_mconsumospesos_lag1	0.00011257312954102	0.000229229351737718	0.000718276137270551
mtarjeta_master_consumo_tend6	0.000111891721586748	0.00207997942492448	0.000824687416866188
ccaja_seguridad_lag2	0.000111268239043204	0.000277916999185476	0.000159616919393456
vm_mconsumospesos_lag2	0.000110911061333775	0.00031836027721385	0.00074487895716946
mv_status07_lag1	0.000110532094587392	0.000132141788889274	7.98084596967278e-05
vm_mlimitecompra_delta1	0.000110456858027747	0.00025411648126813	0.000877893056664006
Master_mpagospesos	0.000110394868386568	0.000806930985686263	0.000678371907422187
ctarjeta_debito_transacciones_delta1	0.000108204305750899	0.000725939492059407	0.000811386006916733
vm_mconsumototal_lag2	0.000107338106560896	0.000370092806736228	0.000798084596967279
mv_status07_delta1	0.000106962114050503	0.000355208597195257	0.00017291832934291
vmr_mconsumototal_delta2	0.000105720490578843	0.000310369789012471	0.000704974727321096
Visa_mpagado_delta2	0.000105483935092279	0.000407178082521108	0.000811386006916733
mextraccion_autoservicio_delta1	0.000104007823104597	0.000769544437522683	0.000891194466613461
Visa_fultimo_cierre_lag1	0.000103614337393388	0.000390559017990428	0.000811386006916733
vmr_mconsumototal	0.000103589316319146	0.000494861885054605	0.000704974727321096
ctarjeta_debito_transacciones_min6	0.000103274869962423	0.000164416861863664	0.000438946528332003
Visa_fultimo_cierre	0.000102472153406837	0.000321990778631337	0.000877893056664006
vm_mconsumospesos_delta2	0.000100817457751053	0.000395304904225689	0.000877893056664006
mplazo_fijo_dolares_delta1	0.000100745383697703	0.00360947158992922	0.000718276137270551
Visa_mpagado_lag2	0.000100702811163089	0.000545712600479776	0.000784783187017824
cextraccion_autoservicio_delta2	0.000100357671891695	0.000869546556753837	0.000798084596967279
ctransferencias_emitidas_delta2	9.9784387813545e-05	0.00165189337782984	0.000851290236765097
ctarjeta_visa_debitos_automaticos_lag2	9.95465364894594e-05	0.000419916149499201	0.000651769087523277
vm_fechaalta_delta2	9.92281987048805e-05	0.000335356778488632	0.000465549348230913
ctarjeta_visa_debitos_automaticos_lag1	9.80744152260639e-05	0.000201855878812299	0.000558659217877095
active_quarter_avg6	9.71079477525776e-05	0.000416016533990627	0.000665070497472732
mcuenta_debitos_automaticos_delta2	9.65211201425983e-05	0.000661316566828132	0.000784783187017824
vm_mlimitecompra_lag2	9.65061542171681e-05	0.000299845566255391	0.00074487895716946
mextraccion_autoservicio	9.58235169715328e-05	0.000377917425875177	0.000651769087523277
vmr_mconsumototal_lag1	9.54358049881845e-05	0.000305989491731139	0.00074487895716946
Visa_mpagado_lag1	9.53694281486638e-05	0.000396779107831577	0.000638467677573823
vmr_mconsumototal_delta1	9.53139832186658e-05	0.000379972171199573	0.000718276137270551
ctarjeta_debito	9.52196762723546e-05	0.000333994282618666	0.000691673317371641
ccheques_depositados_lag2	9.52110317298087e-05	0.00147918983301046	0.000319233838786911
mpayroll_sobre_edad_delta1	9.50346697507987e-05	0.000917570727951873	0.000678371907422187
vm_msaldopesos_delta1	9.49496152261682e-05	0.000513412139383585	0.000704974727321096
ctransferencias_recibidas_delta2	9.45974707498952e-05	0.000658313998289846	0.000824687416866188
Master_mconsumospesos_lag1	9.39156644859861e-05	0.000638705905552507	0.000638467677573823
mttarjeta_visa_debitos_automaticos	9.38001173991221e-05	0.000297630029492924	0.000678371907422187
vmr_mconsumospesos_delta1	9.32846015856687e-05	0.000431584530278762	0.000771481777068369
Master_msaldopesos_lag1	9.27173854465966e-05	0.000708985304320959	0.000611864857674914
mttarjeta_master_debitos_automaticos_delta2	9.25246152266253e-05	0.00236382370427967	0.000678371907422187
thomebanking_delta2	9.24818582402677e-05	0.000866263026334291	0.000638467677573823
vm_mpagado_delta1	9.2116610955938e-05	0.000740207616511351	0.000651769087523277
Master_mconsumospesos_delta1	9.14520357755138e-05	0.000535977102039968	0.000532056397978186
cpagomiscuentas	9.09567104840324e-05	0.000705436044893234	0.000718276137270551
ctarjeta_debito_min6	9.08717732086001e-05	0.000237485568947276	0.00057196062782655
mpagomiscuentas_lag2	9.03834479607208e-05	0.00036391841551432	0.000678371907422187
Master_fultimo_cierre_delta1	9.03613475474459e-05	0.000371570395425024	0.000678371907422187
vmr_mpagado_delta1	8.96965810473947e-05	0.000725189696195562	0.000784783187017824
cproductos_lag2	8.94356026419781e-05	0.000506132518592623	0.000651769087523277
ctarjeta_master_transacciones_tend6	8.93126431874297e-05	0.00240936491716561	0.000771481777068369
Master_mpagospesos_lag2	8.89308510644852e-05	0.000402760549327801	0.000518754988028731
Master_fultimo_cierre_delta2	8.88386313284778e-05	0.000126955841876136	0.000598563447725459
ctarjeta_visa_delta1	8.78150370810664e-05	0.000703420228022265	0.000119712689545092
Master_msaldopesos_delta2	8.77357964575032e-05	0.000713016938062896	0.00054535780792764
Visa_Finiciomora_lag1	8.76576862756781e-05	0.00344248883522224	0.000585262037776004
Visa_mpagado	8.73801284941586e-05	0.000723617325185378	0.000758180367118915
ccajas_transacciones_delta1	8.72388630470567e-05	0.000416099468521842	0.000279329608938548
ctarjeta_debito_lag2	8.6670286781357e-05	0.000217041360731971	0.000625166267624368
Visa_mconsumosdolares_lag2	8.66517338213514e-05	0.000505597675493357	0.000718276137270551
matm_lag2	8.62526657226364e-05	0.000557805809164133	0.000585262037776004
matm_other_delta2	8.6182919472025e-05	0.00248623676489495	0.000811386006916733
ccallcenter_transacciones_lag2	8.60254119812283e-05	0.000566596869472958	0.000425645118382549
cseguro_vivienda_avg6	8.42543372987587e-05	0.00111709597718288	0.00054535780792764
ctarjeta_visa_debitos_automaticos_delta2	8.37249772497824e-05	0.000572705251578185	0.00054535780792764
mpagomiscuentas_lag1	8.3664953748844e-05	0.000314577447065559	0.00057196062782655
vmr_mpagado	8.34708888106647e-05	0.000571136265650908	0.000611864857674914
vm_mlimitecompra_lag1	8.26691340006719e-05	0.000176752103975855	0.000611864857674914
mpagomiscuentas_delta1	8.26508676193651e-05	0.000454994071120379	0.000678371907422187
vm_mpagado_delta2	8.21407295825233e-05	0.000359837698070235	0.000611864857674914
vmr_mpagado_lag2	8.18915575096797e-05	0.000255037223818766	0.000611864857674914
vm_mconsumospesos_delta1	8.16382059931384e-05	0.000383296322613999	0.000678371907422187
ctarjeta_debito_transacciones_lag1	8.10307419143847e-05	0.000561292444558084	0.00057196062782655
vm_mpagado_lag1	8.02435603761993e-05	0.000252757370481071	0.000452247938281458
Master_msaldototal_lag2	7.99103026363329e-05	0.00038498717152592	0.000505453578079276
vmr_mpagado_lag1	7.94516769104505e-05	0.000577852270137896	0.00054535780792764
Master_mpagominimo_lag2	7.91562092626635e-05	0.000307087951134378	0.00054535780792764
Master_mpagospesos_delta1	7.8630770844572e-05	0.000591055786015667	0.000492152168129822
cpagomiscuentas_delta2	7.81000667999742e-05	0.00119369363319677	0.000691673317371641
ctarjeta_master_transacciones_max6	7.772262405825e-05	0.00022724400061291	0.000399042298483639
cextraccion_autoservicio_lag2	7.732358923722e-05	0.00070515339047052	0.000651769087523277
mplazo_fijo_dolares_max6	7.6594702225566e-05	0.00108775915617154	0.000651769087523277
vm_cconsumos_delta1	7.64984598372123e-05	0.000487001722545136	0.000625166267624368
thomebanking_lag1	7.62188074616077e-05	0.00025051983067971	0.000532056397978186
vm_status01_delta2	7.5894976641109e-05	0.000298720026188897	0.000106411279595637
vm_mconsumototal_lag1	7.51208511743327e-05	0.000206703317534762	0.000598563447725459
Master_mpagospesos_delta2	7.49033875348447e-05	0.000483493084112291	0.00057196062782655
Master_mconsumototal_delta1	7.44667881840519e-05	0.000277206131775059	0.000425645118382549
ctransferencias_recibidas_delta1	7.30792158359011e-05	0.000331260828171467	0.00054535780792764
ccuenta_debitos_automaticos_max6	7.29108625789309e-05	0.000550998407438663	0.000452247938281458
catm_trx_delta2	7.26419445034192e-05	0.000343352344314371	0.000505453578079276
ccheques_depositados_delta2	7.21285652053205e-05	0.00464342993092236	0.000731577547220005
Master_msaldopesos_lag2	7.09577961572066e-05	0.000265530980829685	0.000518754988028731
vm_Fvencimiento_delta2	7.07887097340378e-05	0.000622113921685081	0.000425645118382549
Visa_fechaalta_delta2	7.05770441087412e-05	0.000198420019661949	0.000359138068635275
vm_mpagado_lag2	7.0233044574451e-05	0.000265774706798971	0.000532056397978186
Master_mpagominimo_lag1	7.01840866119756e-05	0.000155035104587612	0.000452247938281458
vm_Finiciomora_lag1	7.00365776548584e-05	0.00289455054273127	0.000518754988028731
mtarjeta_master_consumo_lag1	6.87479303430813e-05	0.000491668059332088	0.000279329608938548
mtarjeta_visa_descuentos	6.82907551548446e-05	0.00425517953947433	0.000665070497472732
cprestamos_personales_max6	6.82830634563592e-05	0.000332288200833665	0.000279329608938548
mcuenta_debitos_automaticos_delta1	6.78573343515318e-05	0.000271187454366861	0.000478850758180367
cpagomiscuentas_lag1	6.71627678354353e-05	0.000391830116621912	0.000478850758180367
vm_mconsumototal_delta1	6.66360248049607e-05	0.000213212831964439	0.00054535780792764
cextraccion_autoservicio_delta1	6.61691887194636e-05	0.000291064661195286	0.00054535780792764
ccomisiones_otras_delta1	6.56740157628094e-05	0.000288820351228112	0.000492152168129822
mcheques_depositados_lag2	6.54563546451693e-05	0.00160382858563693	0.000345836658685821
ccomisiones_otras_delta2	6.51536777550841e-05	0.000244614553548888	0.000505453578079276
ccomisiones_mantenimiento_lag1	6.48079366893809e-05	0.000170075027942294	0.000319233838786911
cseguro_accidentes_personales_max6	6.45759934130306e-05	0.000478554248151346	0.000438946528332003
cpagomiscuentas_lag2	6.45291230178416e-05	0.00042526288795041	0.000492152168129822
Master_mconsumototal_lag1	6.37350507399431e-05	0.000320558888561783	0.000438946528332003
mplazo_fijo_dolares_min6	6.36321250137121e-05	0.00197769068218982	0.000465549348230913
cdescubierto_preacordado_lag1	6.35378584686155e-05	0.000138099534805151	0.000212822559191274
ccuenta_debitos_automaticos_min6	6.34461305854979e-05	0.000123509827477066	0.000252726789039638
ctarjeta_master_transacciones_avg6	6.34014118993023e-05	0.000187548825906928	0.000399042298483639
cseguro_accidentes_personales_delta2	6.30313182380103e-05	0.0041392624529571	0.000651769087523277
mextraccion_autoservicio_lag1	6.28786580177839e-05	0.000310034665804703	0.000611864857674914
Master_cconsumos_lag1	6.24927360625066e-05	0.000166860891722336	0.000319233838786911
Master_cconsumos	6.19011637810511e-05	0.000213891541087242	0.000359138068635275
Visa_fultimo_cierre_delta2	6.17607396428357e-05	0.000155356687463753	0.000465549348230913
matm_lag1	6.16583217968604e-05	0.000320465798781847	0.00054535780792764
Master_mconsumototal_lag2	6.16090437361743e-05	0.00046085872725632	0.000452247938281458
thomebanking_delta1	5.9380755730517e-05	0.00135875366081272	0.000532056397978186
ccuenta_debitos_automaticos_lag2	5.85082981339616e-05	0.000271231460444649	0.000305932428837457
ccajas_otras	5.81851898277622e-05	0.000761741821422629	0.00019952114924182
thomebanking_lag2	5.74150950488946e-05	9.638346560384e-05	0.000425645118382549
ctransferencias_emitidas_lag1	5.68069084024381e-05	0.000478142960578176	0.000438946528332003
vmr_mpagado_delta2	5.67461350814883e-05	0.000328451209358866	0.000478850758180367
vmr_msaldodolares_lag2	5.66722261653601e-05	0.00343127913317654	0.000638467677573823
Master_mconsumototal_delta2	5.60100786598818e-05	0.000334970879037263	0.000438946528332003
Visa_mconsumosdolares_lag1	5.58367094615312e-05	0.000214054025066766	0.000452247938281458
mttarjeta_master_debitos_automaticos_tend6	5.53101245351828e-05	0.00099167019278059	0.000425645118382549
cextraccion_autoservicio	5.4993320126631e-05	0.000728759266120728	0.000452247938281458
Visa_Fvencimiento_delta2	5.42973582554849e-05	0.000133390884481864	0.000305932428837457
tcallcenter_lag1	5.36749032874234e-05	0.000694964290921208	0.000359138068635275
cpagomiscuentas_delta1	5.32693075297788e-05	0.00107407665106247	0.000532056397978186
matm_other_lag2	5.28628717967503e-05	0.00202589934040627	0.000558659217877095
mcheques_depositados	5.26924671682234e-05	0.000676447887421296	0.000239425379090184
mplazo_fijo_dolares_delta2	5.25792688147917e-05	0.00100902043521913	0.000399042298483639
cdescubierto_preacordado_max6	5.25768871468382e-05	0.000200638941507323	0.000186219739292365
Master_cconsumos_lag2	5.2492709762932e-05	0.000475008373806527	0.000399042298483639
ctransferencias_emitidas_lag2	5.24624707872984e-05	0.000124291781628525	0.000438946528332003
ctarjeta_debito_tend6	5.16336084044215e-05	0.00136747532692196	0.000465549348230913
mplazo_fijo_dolares_avg6	5.13268748035497e-05	0.00100425931611079	0.000452247938281458
Visa_mconsumosdolares_delta2	5.10935284590232e-05	0.000270205780323904	0.000385740888534185
mtarjeta_visa_descuentos_lag2	4.97411432795038e-05	0.00151383615656103	0.000399042298483639
cdescubierto_preacordado_lag2	4.93827316056945e-05	0.000211285027249046	0.000226123969140729
cplazo_fijo_avg6	4.93036633102855e-05	0.000543112856807393	0.000385740888534185
Master_mconsumospesos_delta2	4.89944017822461e-05	0.000288366750118608	0.000359138068635275
Master_msaldototal_delta1	4.83823385722271e-05	0.000360286221555379	0.000452247938281458
Master_fechaalta_delta2	4.79890202052349e-05	6.93705040079898e-05	0.000226123969140729
vm_fultimo_cierre_delta1	4.78338491953075e-05	0.000101031184434805	0.00037243947858473
minversion2_avg6	4.74824667823964e-05	0.00256918652898336	0.000438946528332003
Master_Fvencimiento_delta2	4.72279878642266e-05	0.000257252760581232	0.000332535248736366
minversion2_lag1	4.71774712283269e-05	0.00225747963222273	0.000399042298483639
Visa_mpagosdolares_lag1	4.69626482096465e-05	0.000595366689097411	0.000319233838786911
Master_cconsumos_delta1	4.69009652602554e-05	9.49685009488193e-05	0.000226123969140729
mtarjeta_master_consumo_min6	4.60302652938753e-05	0.000355338922887167	0.000279329608938548
catm_trx_lag2	4.57777866895422e-05	0.000125227757052241	0.000292631018888002
Master_msaldopesos_delta1	4.57251478866841e-05	0.000248150272644986	0.000345836658685821
vm_status02_delta1	4.54366216843858e-05	1.8265907364813e-05	3.99042298483639e-05
catm_trx_other_delta2	4.535173197976e-05	0.000536960468624378	0.000399042298483639
matm_other	4.51203378163039e-05	0.00069724245171745	0.000438946528332003
Master_mconsumospesos_lag2	4.43614189917602e-05	0.000330719214906387	0.000332535248736366
ctarjeta_visa_debitos_automaticos_min6	4.3220809197011e-05	0.000141286590361854	0.000359138068635275
cseguro_vivienda_lag2	4.3175890508451e-05	0.000555490412455918	0.000292631018888002
catm_trx	4.26557995464836e-05	0.000652972337462997	0.000332535248736366
mplazo_fijo_dolares	4.1205100558452e-05	0.00131463756783052	0.000332535248736366
ctarjeta_visa_debitos_automaticos	4.11824631835091e-05	9.62328294144897e-05	0.000239425379090184
cplazo_fijo_delta2	4.1021034964648e-05	0.0012992760615997	0.00037243947858473
mttarjeta_master_debitos_automaticos_delta1	4.08471764376198e-05	0.00142396559046977	0.000438946528332003
vm_mpagado	4.05631110618944e-05	0.000259427676348818	0.000332535248736366
ccaja_seguridad_max6	4.02565314817288e-05	0.000168778541189009	9.31098696461825e-05
Master_mpagospesos_lag1	4.02119045147197e-05	0.000136390067937243	0.000319233838786911
cseguro_accidentes_personales_tend6	4.00909582299867e-05	0.00133428289647984	0.000292631018888002
Visa_msaldodolares	3.99190241476347e-05	0.000265163699334303	0.000239425379090184
cseguro_vida_avg6	3.97747316817902e-05	0.000351117724502452	0.000266028198989093
Master_mpagado_lag1	3.96961385278804e-05	0.000705872720588204	0.000292631018888002
Visa_msaldodolares_delta2	3.94093882378714e-05	0.00034122989733184	0.00019952114924182
mplazo_fijo_dolares_tend6	3.92688530020736e-05	0.000420462840388641	0.000345836658685821
active_quarter_min6	3.89779273287557e-05	0.000227313394812498	0.000279329608938548
cseguro_vivienda_min6	3.89033451481042e-05	0.000501005810530353	0.000239425379090184
mtarjeta_master_consumo_lag2	3.80099407953949e-05	0.000244325128960361	0.000252726789039638
mprestamos_prendarios_min6	3.73905977204095e-05	0.00362565736384783	0.00054535780792764
vm_mconsumosdolares	3.72734997930097e-05	0.000270185469826464	0.000279329608938548
active_quarter_max6	3.67976866483687e-05	0.000245706242786314	0.000266028198989093
mcheques_depositados_lag1	3.65039792977622e-05	0.000886309487308054	0.000212822559191274
ctarjeta_debito_lag1	3.61195567706211e-05	8.48115596871215e-05	0.000252726789039638
vm_mconsumosdolares_lag2	3.54146847618961e-05	0.0003700031020392	0.000279329608938548
catm_trx_delta1	3.51890066724641e-05	0.000441619608555817	0.000319233838786911
mtarjeta_master_consumo_delta2	3.50250264658103e-05	0.000140142432339373	0.000212822559191274
cseguro_accidentes_personales_lag2	3.4772146002742e-05	0.000271192531991221	0.000252726789039638
cpagomiscuentas_min6	3.47432861843616e-05	0.000175966764741489	0.000266028198989093
ctransferencias_emitidas_delta1	3.45753088369483e-05	0.000208081046277809	0.000292631018888002
Visa_fultimo_cierre_delta1	3.44411232202047e-05	8.49571182521116e-05	0.000266028198989093
vm_mconsumosdolares_delta2	3.33554559773356e-05	0.00031104680559382	0.000226123969140729
minversion2	3.3311518636167e-05	0.00127070088424239	0.00019952114924182
vmr_mconsumosdolares_delta2	3.3108054895028e-05	0.000354670369013084	0.000252726789039638
Master_cconsumos_delta2	3.30361425570864e-05	0.000102627251025337	0.00017291832934291
cpayroll_trx_delta1	3.29867094899617e-05	0.000277607264099509	0.000239425379090184
vm_mpagosdolares_lag1	3.23021486564084e-05	0.000330433175400767	0.000186219739292365
ctarjeta_visa_debitos_automaticos_delta1	3.20547688548683e-05	0.000422532818586117	0.000266028198989093
Master_mpagominimo_delta1	3.20107005310365e-05	0.000177490052049526	0.000266028198989093
cextraccion_autoservicio_lag1	3.17812556444249e-05	0.000172336263324002	0.000226123969140729
tcallcenter_delta1	3.16969639063339e-05	0.00030964199618752	0.000239425379090184
matm_other_lag1	3.16877284793268e-05	9.55338097942462e-05	0.000212822559191274
Visa_msaldodolares_lag1	3.1333668464517e-05	0.000340353160858993	0.000252726789039638
mplazo_fijo_dolares_lag2	3.09391784185419e-05	0.000672988332690599	0.000266028198989093
mtarjeta_master_consumo_delta1	3.06781487227906e-05	0.00028348715310853	0.000239425379090184
vmr_msaldodolares2_lag1	3.05751032001181e-05	0.000589388632684094	0.000239425379090184
cliente_edad_delta2	3.01219710629026e-05	0.000151345364219256	0.000239425379090184
Master_mconsumosdolares_delta1	2.94071462142673e-05	9.07709981444516e-06	5.32056397978186e-05
ctarjeta_master_tend6	2.93575174746312e-05	0.000419423619936269	0.000146315509444001
matm_other_delta1	2.92882064859597e-05	0.00022323606245132	0.000212822559191274
mttarjeta_master_debitos_automaticos_max6	2.81792239133341e-05	0.000102019628643576	0.00017291832934291
cseguro_vivienda_max6	2.74539101152723e-05	0.000356934989477698	0.000186219739292365
minversion2_tend6	2.68718677484141e-05	0.00226428195632384	0.00037243947858473
vmr_msaldodolares2_lag2	2.64369666880808e-05	0.000453196592096895	0.000212822559191274
cplazo_fijo_delta1	2.57765596177335e-05	0.000586232042873551	0.000212822559191274
vmr_mconsumosdolares_lag2	2.56735979583278e-05	0.000153450885787254	0.00017291832934291
vm_msaldodolares_lag2	2.56595742457868e-05	0.00054146601397326	0.00017291832934291
ctarjeta_master_debitos_automaticos_avg6	2.5319137915758e-05	0.000368637221086327	0.000226123969140729
vm_mconsumosdolares_lag1	2.45041328569973e-05	0.00022558869507151	0.000186219739292365
ctarjeta_visa_delta2	2.37541140040901e-05	0.000169971782913638	2.66028198989093e-05
ctarjeta_master_transacciones_lag2	2.37131162163279e-05	0.000173713992067048	0.000159616919393456
ccajas_otras_delta2	2.36719334655316e-05	0.000475690468012237	9.31098696461825e-05
vm_mconsumosdolares_delta1	2.3497158115136e-05	0.000122189645143435	0.00019952114924182
Master_cadelantosefectivo	2.32395255162011e-05	2.80928030431029e-05	2.66028198989093e-05
ccajas_consultas_lag2	2.28905038313367e-05	0.000763090776960968	0.00019952114924182
vmr_mconsumosdolares_lag1	2.24425874720421e-05	6.18759304524494e-05	0.00017291832934291
mttarjeta_master_debitos_automaticos	2.23510895870373e-05	0.000391258037610671	0.00019952114924182
Master_madelantopesos	2.19748186809077e-05	3.85933302198356e-05	2.66028198989093e-05
Master_Fvencimiento_delta1	2.16826894420024e-05	0.0001143971842921	0.000186219739292365
cseguro_vivienda_lag1	2.14614494796579e-05	0.000287112576901658	0.000146315509444001
minversion2_lag2	2.13914533320342e-05	0.000819907701009282	0.000159616919393456
catm_trx_lag1	2.1328777399923e-05	6.1390171055331e-05	0.00017291832934291
Master_fechaalta_delta1	2.1064785186422e-05	2.38479090780407e-05	0.000119712689545092
cpayroll_trx_delta2	2.08687704716226e-05	0.000280498124901872	0.00017291832934291
mtarjeta_visa_descuentos_delta1	2.0709003790138e-05	0.000790906003205718	0.000226123969140729
Visa_msaldodolares_lag2	2.02405398272662e-05	0.000188075206298927	0.000133014099494546
vmr_msaldodolares2	2.01818301373456e-05	0.000395001939305535	0.000186219739292365
mttarjeta_master_debitos_automaticos_avg6	1.98621288083189e-05	0.000147481292081203	0.00017291832934291
minversion2_min6	1.95777534012913e-05	0.000673113580758149	0.000133014099494546
ctarjeta_master_debitos_automaticos_tend6	1.95405124451373e-05	0.000276454643369761	0.000146315509444001
Master_mconsumosdolares_lag1	1.91868851415692e-05	2.28036110013089e-05	6.65070497472732e-05
ctarjeta_master_debitos_automaticos_lag2	1.91613554431656e-05	0.000230916815566732	0.000133014099494546
vm_Finiciomora	1.89359675368049e-05	0.000499066158024786	0.000186219739292365
ctarjeta_master_transacciones_lag1	1.85746324313827e-05	7.02100045688633e-05	0.000159616919393456
vmr_mconsumosdolares_delta1	1.85000790488608e-05	0.000153973881096346	0.00017291832934291
active_quarter_lag1	1.84376604758492e-05	4.0920574718225e-05	0.000106411279595637
mplazo_fijo_dolares_lag1	1.83809616065683e-05	0.000489058160410985	0.00017291832934291
vmr_msaldodolares2_delta2	1.81653144924706e-05	0.000172314260285108	0.000159616919393456
Master_mpagado_delta2	1.79620194221417e-05	8.85266881772776e-05	0.000133014099494546
minversion2_max6	1.77578275471068e-05	0.000961295843858339	0.00017291832934291
Master_mpagosdolares_lag2	1.75009844922825e-05	8.64059337361998e-05	6.65070497472732e-05
Visa_mpagosdolares	1.74717964180639e-05	0.000116932611389255	0.000133014099494546
Visa_mpagosdolares_lag2	1.70131415992535e-05	0.000356406916544246	0.000133014099494546
mttarjeta_master_debitos_automaticos_lag2	1.70061258737525e-05	0.000174951239869465	0.000159616919393456
vm_Fvencimiento_delta1	1.66689622747217e-05	0.000128560371173935	0.00017291832934291
Visa_Fvencimiento_delta1	1.66196584030441e-05	3.25509572312902e-05	0.000133014099494546
vm_status02_delta2	1.66142459023924e-05	1.24706454284602e-05	6.65070497472732e-05
cseguro_accidentes_personales_lag1	1.60958055034663e-05	0.00012823709575634	0.000133014099494546
cinversion1	1.59787547967998e-05	0.000917668895356169	0.000159616919393456
cinversion2_avg6	1.59391388148713e-05	0.000344411875264183	0.000106411279595637
Visa_mpagosdolares_delta1	1.56849743914374e-05	0.000116663497298168	0.000159616919393456
Master_mconsumosdolares	1.54639349289299e-05	1.99618339010938e-05	9.31098696461825e-05
vm_msaldodolares	1.52918956403595e-05	0.000141134261631051	9.31098696461825e-05
Master_mpagado_delta1	1.52270162367819e-05	0.000310437490670606	0.000119712689545092
ctarjeta_master_debitos_automaticos	1.52132837114696e-05	0.000372589305379955	0.000146315509444001
ctarjeta_master_debitos_automaticos_max6	1.51538997943244e-05	0.000243455162653327	9.31098696461825e-05
cseguro_vida_lag2	1.50709939040311e-05	9.54627230532045e-05	9.31098696461825e-05
active_quarter_lag2	1.50270139460528e-05	6.42150227410124e-05	0.000133014099494546
mttarjeta_master_debitos_automaticos_lag1	1.49956848239525e-05	0.000116006791214259	0.000119712689545092
cseguro_vivienda	1.49316232651426e-05	0.000238018719505089	0.000106411279595637
vmr_Master_mlimitecompra_delta1	1.49223449610739e-05	5.02312452532358e-05	0.000119712689545092
vmr_mconsumosdolares	1.49196519398312e-05	7.08396299895185e-05	0.000106411279595637
active_quarter	1.48514165315859e-05	2.81994331546654e-05	0.000133014099494546
active_quarter_tend6	1.48511282370676e-05	0.000176603160327958	0.000146315509444001
Master_mpagosdolares_lag1	1.48402635853645e-05	5.04106546472934e-05	7.98084596967278e-05
Visa_madelantopesos_lag2	1.47248162877962e-05	1.40819448920723e-05	3.99042298483639e-05
Visa_msaldodolares_delta1	1.46876954251854e-05	0.000110604198895089	0.000106411279595637
cprestamos_prendarios_lag1	1.45611448917945e-05	0.000600263211522022	0.000106411279595637
vm_status03_delta1	1.41396691767256e-05	0.000163215157431769	2.66028198989093e-05
vmr_mpagosdolares_lag1	1.39239922280974e-05	0.000111279522934985	7.98084596967278e-05
ctarjeta_visa_descuentos_lag2	1.39235355115051e-05	0.00013641376351759	7.98084596967278e-05
vm_msaldodolares_delta2	1.38309789497746e-05	0.000170261207502165	0.000106411279595637
vm_Finiciomora_delta2	1.3810229961965e-05	0.000454435532440765	0.000133014099494546
cprestamos_prendarios_avg6	1.38091236937047e-05	0.000447768611655925	9.31098696461825e-05
vm_fechaalta_delta1	1.33134407079901e-05	4.20461147847187e-05	0.000133014099494546
cprestamos_prendarios_max6	1.33007828706476e-05	0.000402064914790465	9.31098696461825e-05
cplazo_fijo_max6	1.30268529625097e-05	0.00013099593832534	0.000119712689545092
vmr_Visa_mlimitecompra_delta1	1.28862516503896e-05	0.000155754434705296	0.000106411279595637
ccheques_depositados	1.27658068547727e-05	0.000292593026127683	9.31098696461825e-05
vm_msaldodolares_lag1	1.22895059130245e-05	0.000139255540617805	9.31098696461825e-05
ctarjeta_master_transacciones_delta2	1.22368893167855e-05	0.000267519717037399	0.000119712689545092
Visa_mpagosdolares_delta2	1.22283079163956e-05	0.000147350966389293	0.000133014099494546
mforex_sell	1.21678869349405e-05	0.000632585675657107	0.000133014099494546
vm_mpagosdolares_delta2	1.19101643671852e-05	0.000313055852298975	0.000119712689545092
mttarjeta_master_debitos_automaticos_min6	1.17501709879493e-05	0.000188102286962181	0.000106411279595637
Visa_Finiciomora	1.1663042864415e-05	0.000254419446188284	0.000106411279595637
Visa_delinquency_lag1	1.14780750766196e-05	5.2223366543857e-05	2.66028198989093e-05
Visa_fechaalta_delta1	1.11601896419301e-05	2.49091325693062e-05	0.000106411279595637
vm_status04_lag2	1.11210106987933e-05	1.95759344497245e-05	5.32056397978186e-05
catm_trx_other	1.09648702900266e-05	7.68667701049836e-05	0.000106411279595637
mprestamos_prendarios_lag1	1.09461238040113e-05	0.000669767426304828	0.000106411279595637
Master_mpagado_lag2	1.05731137056617e-05	7.31211758686667e-05	0.000119712689545092
ctarjeta_visa_descuentos_delta2	1.0533123877766e-05	0.000156162337195559	6.65070497472732e-05
ccheques_depositados_lag1	1.05046767796034e-05	0.000343450511718667	7.98084596967278e-05
ccajas_transacciones_lag1	1.04425860225353e-05	7.66552024233118e-05	7.98084596967278e-05
cplazo_fijo	1.01904367864442e-05	0.00026795639273237	7.98084596967278e-05
catm_trx_other_lag1	1.01857752849978e-05	5.02921767455572e-05	9.31098696461825e-05
ctarjeta_master_avg6	1.00142645333068e-05	2.2862849952177e-05	7.98084596967278e-05
catm_trx_other_delta1	9.93546706560435e-06	0.00011312777820207	9.31098696461825e-05
ccajas_extracciones_delta2	9.75584861787985e-06	0.000188667595807608	7.98084596967278e-05
mcheques_depositados_delta2	9.75165997324422e-06	0.000275330795844721	9.31098696461825e-05
vm_status05_lag2	9.65117259458652e-06	2.53711963860774e-06	1.33014099494546e-05
cseguro_accidentes_personales_min6	9.55891528098148e-06	6.08028591710102e-05	0.000119712689545092
vmr_msaldodolares_lag1	9.43520751726416e-06	7.38878971470452e-05	7.98084596967278e-05
Visa_madelantodolares_lag2	9.43381883203091e-06	1.65530554139984e-06	1.33014099494546e-05
vm_mpagosdolares_delta1	9.23401774128521e-06	0.000215949671494545	9.31098696461825e-05
vm_status04_lag1	9.19405074645531e-06	4.79683173300746e-05	3.99042298483639e-05
ctarjeta_master_transacciones_delta1	8.90049995228281e-06	8.85706942550653e-05	6.65070497472732e-05
vmr_msaldodolares_delta2	8.86366008792716e-06	0.000243692118456799	9.31098696461825e-05
ctarjeta_master_transacciones_min6	8.04698058514269e-06	8.71320340196973e-05	0.000106411279595637
Master_mconsumosdolares_lag2	8.02522629756268e-06	1.19561128266345e-05	3.99042298483639e-05
vm_mpagosdolares_lag2	7.97160869455653e-06	3.72562224716701e-05	5.32056397978186e-05
Master_status_delta2	7.95690305778613e-06	6.50443680531657e-06	3.99042298483639e-05
Visa_cadelantosefectivo_delta1	7.64549176688408e-06	3.88065904429608e-05	2.66028198989093e-05
Master_mpagado	7.50642823434385e-06	7.77756648654454e-05	6.65070497472732e-05
cseguro_vida_max6	7.39606333679524e-06	2.25768104465568e-05	5.32056397978186e-05
vm_msaldodolares_delta1	7.37464561698963e-06	0.000240389970081266	7.98084596967278e-05
vmr_mpagosdolares	7.12134296330145e-06	0.000152914350146534	9.31098696461825e-05
vmr_msaldodolares	7.09719483811702e-06	2.72228367360686e-05	3.99042298483639e-05
cseguro_vida	7.09323613631954e-06	7.93700389145238e-05	3.99042298483639e-05
vmr_Master_mlimitecompra_delta2	7.07477769608628e-06	9.02903163716933e-05	7.98084596967278e-05
ccajas_consultas_lag1	6.97609676900095e-06	0.000139033817687413	5.32056397978186e-05
cseguro_vida_min6	6.7530553113841e-06	5.16563651569767e-05	2.66028198989093e-05
mprestamos_prendarios	6.3650255928194e-06	0.000325457103527847	5.32056397978186e-05
cprestamos_prendarios_min6	6.34703175503861e-06	0.000300353328691403	5.32056397978186e-05
cplazo_fijo_lag1	6.34383005896612e-06	0.000170169810263683	6.65070497472732e-05
cseguro_accidentes_personales	6.28187583045825e-06	3.40640892906066e-05	5.32056397978186e-05
ccajas_extracciones	6.26992090331407e-06	0.000305481729295126	7.98084596967278e-05
vmr_mpagosdolares_delta2	6.25939552784665e-06	0.000189288758520996	7.98084596967278e-05
cmobile_app_trx_delta2	6.06591585222887e-06	0.00017228040945604	5.32056397978186e-05
ctarjeta_master_debitos_automaticos_lag1	6.04067544789476e-06	8.9279869124029e-05	5.32056397978186e-05
vm_status03_delta2	5.79449407599919e-06	7.4434588036485e-05	1.33014099494546e-05
vmr_msaldodolares2_delta1	5.76616504464003e-06	6.89270581472058e-05	5.32056397978186e-05
mv_status07_lag2	5.60452178869055e-06	1.65276672921978e-05	3.99042298483639e-05
mprestamos_prendarios_tend6	5.45110731726269e-06	0.000310285161939802	5.32056397978186e-05
cmobile_app_trx_delta1	5.0447375937663e-06	0.000106499785870657	6.65070497472732e-05
vmr_mpagosdolares_delta1	5.00579775064642e-06	6.67301393407262e-05	5.32056397978186e-05
mcheques_depositados_delta1	4.92994909716925e-06	0.000129013972283439	3.99042298483639e-05
Visa_Finiciomora_lag2	4.76109963903124e-06	0.000143718772430353	3.99042298483639e-05
vm_Finiciomora_lag2	4.72983625699875e-06	5.5792936469023e-05	3.99042298483639e-05
cinversion2_min6	4.67763171537769e-06	5.93557362283754e-05	3.99042298483639e-05
ccuenta_debitos_automaticos_delta2	4.5730285165289e-06	4.72608350025643e-05	5.32056397978186e-05
ccajas_extracciones_lag1	4.52892576575863e-06	0.000304572834534665	6.65070497472732e-05
minversion2_delta1	4.47216002788437e-06	0.000263741964513468	5.32056397978186e-05
vmr_Visa_mlimitecompra_delta2	4.44665809581544e-06	5.80169359387565e-05	5.32056397978186e-05
cinversion1_avg6	4.42237150745564e-06	0.000126595330546567	3.99042298483639e-05
ctarjeta_visa_lag2	4.41569623738442e-06	7.395052118082e-05	2.66028198989093e-05
Master_msaldodolares_lag1	4.34186586663428e-06	1.25975860374632e-05	3.99042298483639e-05
Visa_madelantopesos_delta1	4.27610840569337e-06	2.98733566520524e-06	1.33014099494546e-05
mcaja_ahorro_adicional_delta2	4.18334939108581e-06	5.54239624321874e-05	3.99042298483639e-05
Master_mconsumosdolares_delta2	3.80563769408625e-06	1.34760150517644e-05	2.66028198989093e-05
ccheques_depositados_delta1	3.76804104510447e-06	9.34130553531685e-05	3.99042298483639e-05
Visa_delinquency_delta1	3.62000933652861e-06	0.00010526253806824	3.99042298483639e-05
mtarjeta_visa_descuentos_lag1	3.50428256997244e-06	2.17610054660305e-05	2.66028198989093e-05
cseguro_vida_tend6	3.46316576882727e-06	3.67247644553107e-05	2.66028198989093e-05
cprestamos_prendarios	3.44934038198414e-06	0.00021922812428973	3.99042298483639e-05
Master_madelantopesos_lag2	3.39935604164486e-06	1.55713813710415e-05	2.66028198989093e-05
ccajas_transacciones_lag2	3.28231329453807e-06	1.86433441089154e-05	2.66028198989093e-05
Master_mpagosdolares_delta1	3.27997126777185e-06	5.49568209910562e-06	2.66028198989093e-05
vm_status02_lag2	3.1992964126055e-06	4.2889000428499e-06	2.66028198989093e-05
cinversion2_lag1	3.13679934949046e-06	4.01081548206054e-05	2.66028198989093e-05
cplazo_fijo_lag2	3.11023752004573e-06	6.95702238994879e-05	5.32056397978186e-05
mprestamos_prendarios_lag2	3.09892798514676e-06	0.000150111501499747	2.66028198989093e-05
vmr_mpagosdolares_lag2	3.08444973015244e-06	6.11853735394728e-05	7.98084596967278e-05
cseguro_vida_lag1	2.99704989451605e-06	2.05119098734404e-05	1.33014099494546e-05
cliente_edad_delta1	2.94798672582227e-06	1.38212935082527e-05	2.66028198989093e-05
cinversion1_lag1	2.91732701743954e-06	0.000214495778386096	3.99042298483639e-05
minversion1_pesos	2.90941123523638e-06	0.000235859036610584	3.99042298483639e-05
catm_trx_other_lag2	2.77511273369441e-06	0.000102410605719305	7.98084596967278e-05
Master_madelantodolares_lag1	2.77059334355497e-06	4.31598070610389e-06	1.33014099494546e-05
cplazo_fijo_min6	2.75625375441e-06	8.69830903718004e-05	2.66028198989093e-05
mcaja_ahorro_adicional	2.75034451826817e-06	5.70014110667321e-05	2.66028198989093e-05
Visa_delinquency	2.73455665579777e-06	4.94662165163107e-05	3.99042298483639e-05
Master_delinquency_lag1	2.70565829675856e-06	3.55941467644568e-06	2.66028198989093e-05
vmr_msaldodolares_delta1	2.66024158296499e-06	7.82478839309368e-05	3.99042298483639e-05
vm_status05_lag1	2.52947653636919e-06	4.26977432442678e-05	3.99042298483639e-05
mprestamos_prendarios_avg6	2.50586487077414e-06	6.54979691626699e-05	1.33014099494546e-05
minversion2_delta2	2.45246860617461e-06	2.41745695785419e-05	1.33014099494546e-05
ctarjeta_master_max6	2.36538173600686e-06	1.24401796822994e-05	1.33014099494546e-05
ccajas_extracciones_lag2	2.35391116281534e-06	3.6712916665137e-05	2.66028198989093e-05
vm_status01_lag2	2.28647007073147e-06	3.60849837859353e-06	1.33014099494546e-05
Master_msaldodolares	2.2542954665032e-06	1.11420003875615e-05	1.33014099494546e-05
cinversion2_lag2	2.25357173616007e-06	1.90698645551657e-05	1.33014099494546e-05
ctarjeta_debito_delta2	2.24025642443963e-06	9.61939009610621e-05	2.66028198989093e-05
mtarjeta_master_descuentos_delta2	2.22155278554532e-06	1.44086053925735e-05	1.33014099494546e-05
vm_status03_lag1	2.0631210645686e-06	7.16283543067908e-06	2.66028198989093e-05
Master_mpagosdolares_delta2	2.004581524057e-06	4.44630639801369e-06	1.33014099494546e-05
cinversion2	1.9790441608921e-06	3.89673818810313e-05	1.33014099494546e-05
ctarjeta_master_debitos_automaticos_min6	1.93215336242178e-06	6.64322520449324e-06	1.33014099494546e-05
ctarjeta_visa_descuentos_delta1	1.91156492925095e-06	1.91003303013264e-05	1.33014099494546e-05
ccajas_extracciones_delta1	1.75049624481077e-06	0.000123530137974507	3.99042298483639e-05
vm_mpagosdolares	1.73694132638852e-06	3.11596881566167e-06	1.33014099494546e-05
Visa_madelantodolares	1.67144800491296e-06	4.49877518306829e-06	1.33014099494546e-05
minversion1_pesos_lag2	1.6598355967881e-06	3.20516575025448e-05	1.33014099494546e-05
Visa_madelantopesos_delta2	1.61182185551677e-06	1.84266988028835e-05	2.66028198989093e-05
mforex_sell_lag1	1.59809535514899e-06	8.70643323615624e-06	1.33014099494546e-05
minversion1_pesos_avg6	1.5912583880948e-06	8.3628473211213e-05	1.33014099494546e-05
Visa_madelantopesos_lag1	1.58435803936086e-06	3.16505251780952e-06	1.33014099494546e-05
ccajas_depositos_delta1	1.57191400463803e-06	7.18466921542761e-05	2.66028198989093e-05
mpagodeservicios_avg6	1.56219744573383e-06	2.00447684323092e-05	1.33014099494546e-05
ccajas_depositos_delta2	1.54262459343147e-06	2.77458320451612e-05	1.33014099494546e-05
cforex_sell_lag2	1.53911074258625e-06	3.41521014461821e-05	1.33014099494546e-05
ccajas_depositos	1.45289529681537e-06	3.10107445087198e-05	1.33014099494546e-05
Visa_delinquency_delta2	1.39748880117313e-06	1.61468454651887e-06	1.33014099494546e-05
Master_msaldodolares_delta1	1.37901945339499e-06	1.44458413045477e-05	2.66028198989093e-05
vm_status03_lag2	1.33295784943492e-06	2.11059919235747e-06	1.33014099494546e-05
Master_madelantodolares_lag2	1.32769215844138e-06	1.86179559871148e-06	1.33014099494546e-05
mtarjeta_master_descuentos_lag1	1.29454648791972e-06	3.49712915096151e-05	1.33014099494546e-05
Master_delinquency	1.29086239093471e-06	1.21355222206921e-06	1.33014099494546e-05
mcaja_ahorro_adicional_max6	1.27001291368288e-06	3.06350003060707e-05	1.33014099494546e-05
Master_madelantopesos_delta2	1.23559408209424e-06	1.14178846444615e-05	1.33014099494546e-05
Master_msaldodolares_delta2	1.10411770511765e-06	3.92838871328122e-06	1.33014099494546e-05
minversion1_pesos_lag1	1.08718632116849e-06	7.44599761582856e-05	1.33014099494546e-05
cprestamos_hipotecarios_avg6	1.08405261300249e-06	4.01673937714735e-05	1.33014099494546e-05
mcaja_ahorro_adicional_lag1	1.00258217035607e-06	2.52814916890485e-05	1.33014099494546e-05
ccajeros_propios_descuentos_delta2	9.68928267202405e-07	1.65124344191175e-05	1.33014099494546e-05
ctarjeta_master_delta2	9.21300030258205e-07	4.3037944076396e-05	1.33014099494546e-05
Master_madelantopesos_lag1	8.47060331776312e-07	1.20339697334897e-06	1.33014099494546e-05
tcuentas_max6	8.36632645165293e-07	2.28797753667107e-05	1.33014099494546e-05
Master_mpagosdolares	7.96038005881755e-07	1.66207570721334e-06	1.33014099494546e-05
mforex_sell_lag2	7.87664917489268e-07	3.6034207542334e-05	2.66028198989093e-05
mcaja_ahorro_adicional_tend6	7.37609014811571e-07	1.23318570292835e-05	1.33014099494546e-05
minversion1_pesos_tend6	7.20521829849643e-07	8.56189019603809e-05	1.33014099494546e-05
mcaja_ahorro_adicional_avg6	6.96412175870824e-07	2.04425156738521e-05	1.33014099494546e-05
Master_madelantodolares	5.55844655029936e-07	1.53902794355305e-05	1.33014099494546e-05
cprestamos_personales_delta1	5.39281474420321e-07	2.53745814689841e-05	1.33014099494546e-05
Master_status_lag1	4.87893008775793e-07	6.07283873470618e-06	1.33014099494546e-05
ctarjeta_visa_lag1	1.7535260272894e-07	8.65565699255501e-06	1.33014099494546e-05
cseguro_auto_avg6	6.5000033746166e-08	5.97060923092238e-05	2.66028198989093e-05
mcheques_emitidos_delta2	2.43325815336612e-08	1.18647155881523e-05	1.33014099494546e-05
