Feature	Gain	Cover	Frequency
azar_under	0.559197809468227	0.0290552094980615	0.0143558119488098
ctrx_quarter_normalizado	0.0497886131719397	0.00874748567645742	0.00533784231814866
ctrx_quarter	0.0423623484262613	0.00718833882938749	0.00520522511769777
ctrx_quarter_normalizado_lag1	0.0333454106721921	0.00466444797401574	0.00364697301239971
ctrx_quarter_lag1	0.0163183005621666	0.00281755648656916	0.00328227571115974
mpayroll_sobre_edad	0.014586035194002	0.0119998187090863	0.00450898481533055
mpasivos_margen_max6	0.0142705929908557	0.00265789399566361	0.0041774418142033
mpasivos_margen	0.0121553383138909	0.00876102638777986	0.00795703202705391
ctrx_quarter_lag2	0.0100188961027537	0.00276310922687314	0.00331543001127246
cpayroll_trx	0.00945712065437663	0.00483215939261783	0.00222133810755255
mtarjeta_visa_consumo	0.00908011752145786	0.0058551928406854	0.0048405278164578
mcaja_ahorro	0.00827682187921685	0.00625555782917581	0.00722763742457397
ctrx_quarter_normalizado_lag2	0.00820051649671544	0.00437475638774912	0.0040448246137524
mpayroll	0.00787293089777855	0.00893534914853424	0.00308334991048339
mcuentas_saldo	0.00714090485598532	0.0142967054989118	0.0100125986340428
mpayroll_min6	0.00635941340768266	0.00711804193050746	0.00265234400901797
mcaja_ahorro_max6	0.00612369248678949	0.00127041968419902	0.00238710960811617
vm_msaldopesos	0.0056591826024018	0.0014132500134263	0.00235395530800345
cpayroll_trx_min6	0.0050702105874416	0.00580545134661986	0.00205556660698893
mcomisiones_min6	0.00491843491453709	0.00863669592288562	0.00842119222863205
mprestamos_personales	0.00435094392267029	0.0152391927871328	0.00666401432265765
cpayroll_trx_avg6	0.00392435770694008	0.00316069729652446	0.00235395530800345
ctarjeta_visa_transacciones	0.00270777937818078	0.00293686832998606	0.00295073271003249
vm_mpagominimo	0.00269250524055656	0.00119834648807276	0.00185664080631258
mcomisiones_avg6	0.00266486400319088	0.00710022207516389	0.00580200251972681
cpayroll_trx_lag1	0.00266164275813735	0.0015832367472783	0.000895166103043565
ccomisiones_mantenimiento_delta2	0.00264044183455025	0.00636353188012585	0.00467475631589417
mcuentas_saldo_min6	0.00254929310874488	0.00937043596485531	0.00712817452423579
mrentabilidad_annual_max6	0.00244514341354671	0.00295115110435024	0.00537099661826139
mcaja_ahorro_min6	0.00231966617542462	0.00267968531035247	0.00454213911544327
vm_msaldototal	0.00220030668456582	0.00139320655454304	0.00172402360586168
mprestamos_personales_lag2	0.0021854798139553	0.00123774305450777	0.00162456070552351
mprestamos_personales_lag1	0.00204605294390827	0.0023917726069176	0.00208872090710165
mcaja_ahorro_lag2	0.00181724558891071	0.00194938926828377	0.00407797891386513
mpayroll_lag1	0.00181494016322399	0.00113218394042523	0.000795703202705391
mprestamos_personales_min6	0.00176210102761514	0.00217605979329904	0.0018897951064253
mpayroll_sobre_edad_lag1	0.00174910094635667	0.00166397424045278	0.000928320403156289
mpasivos_margen_avg6	0.0016737534410889	0.00121047288412055	0.00258603540879252
mautoservicio	0.00161083444142509	0.00693347507995749	0.00371328161262516
cprestamos_personales	0.00152729425815828	0.00388913688819607	0.00245341820834162
mrentabilidad_annual_avg6	0.00149962882489044	0.00248111234308802	0.00464160201578145
cproductos_delta2	0.00147057870836701	0.00730716975389929	0.00341489291161064
mcomisiones_mantenimiento	0.00131077110602134	0.00411876532303621	0.00397851601352695
mactivos_margen	0.00122554844626207	0.00355520334824636	0.00576884821961408
mcomisiones_mantenimiento_delta2	0.0012083142415305	0.00272572424596589	0.00281811550958159
mcaja_ahorro_lag1	0.00119877800188026	0.0015030448126467	0.00298388701014522
mprestamos_personales_avg6	0.00118356746193522	0.00116694972320958	0.00109409190371991
vm_status01	0.0011626420744134	0.00683126171352652	0.00218818380743982
mcuentas_saldo_max6	0.00115093252683253	0.00186166035188686	0.00251972680856707
Visa_msaldototal	0.00112818518069275	0.00130177766527953	0.00192294940653803
mpasivos_margen_lag2	0.00112089499108726	0.00120266700146207	0.00281811550958159
cdescubierto_preacordado_min6	0.00110700626953944	0.00476365689008262	0.00268549830913069
mcuentas_saldo_tend6	0.00107084682348852	0.00542807738449554	0.00596777402029043
mcomisiones_tend6	0.00106179944029009	0.00519086025617986	0.0061998541210795
mprestamos_personales_max6	0.00105628396216146	0.00205370988690641	0.00129301770439626
cpayroll_trx_max6	0.0010259638817955	0.000818560174666437	0.000663086002254492
Visa_msaldopesos	0.00101824136781422	0.00331670894068812	0.00251972680856707
mpasivos_margen_lag1	0.000998890772831446	0.00170707595092541	0.00278496120946887
mcomisiones_max6	0.000996919474038568	0.00326675542861066	0.00397851601352695
cproductos_tend6	0.000978130545077367	0.00918489951973861	0.00437636761487965
vmr_msaldopesos_lag1	0.000938461865914904	0.000643120440971195	0.00119355480405809
mcomisiones_otras_lag2	0.000937448044848025	0.00145411777801721	0.00305019561037067
mrentabilidad_annual_lag2	0.000933500313988912	0.00239768584098184	0.00447583051521782
vmr_msaldototal	0.000926701503636675	0.00156323465776323	0.00222133810755255
mcomisiones_lag2	0.000919139703792393	0.00265760699567186	0.00281811550958159
mcuentas_saldo_lag1	0.000917374805874571	0.00174517196784825	0.00318281281082156
mactivos_margen_min6	0.000838646125811617	0.00455121742772131	0.00593461972017771
Visa_mpagominimo	0.00082562464016971	0.00158251536892066	0.0024202639082289
mrentabilidad_annual_lag1	0.000798514237523928	0.00191515353052924	0.00407797891386513
mcuenta_debitos_automaticos_min6	0.000774138923872548	0.00300542771540252	0.00198925800676348
mcomisiones_mantenimiento_delta1	0.000772299485493875	0.00312860759474426	0.00278496120946887
vmr_msaldototal_lag1	0.000740014797346266	0.000711602258822317	0.00152509780518533
mcuenta_corriente	0.000731760865212377	0.000690684872036257	0.00169086930574896
mpayroll_sobre_edad_lag2	0.000716866489862761	0.00117599410132795	0.000729394602479942
mactivos_margen_lag1	0.000710351535196752	0.00193612521461103	0.00361381871228698
mrentabilidad_annual	0.000693583484916031	0.00321936423177485	0.00407797891386513
mactivos_margen_lag2	0.000658712662784235	0.00171984357217999	0.00358066441217426
mactivos_margen_avg6	0.000652974632424757	0.002427929434707	0.00394536171341423
mcuenta_corriente_avg6	0.000645361542124895	0.00476368016035222	0.00513891651747232
mcuenta_debitos_automaticos	0.000625105252818306	0.00203738708557385	0.0021550295073271
Visa_fechaalta_lag1	0.000591961919824757	0.00200598773512516	0.00361381871228698
ctrx_quarter_delta2	0.000584560264966787	0.00346290311666555	0.00424375041442875
cdescubierto_preacordado_avg6	0.000579895355870658	0.00447121165524652	0.00205556660698893
cdescubierto_preacordado	0.000578659067225716	0.00321888072728425	0.00179033220608713
cproductos	0.000571466823451809	0.00613841012083183	0.00341489291161064
mcuenta_corriente_delta1	0.000567328336557507	0.00257515267371791	0.00258603540879252
ctrx_quarter_delta1	0.000563974184069322	0.00277835125346199	0.0044426762151051
vm_status06	0.000528650123141358	0.00143560757134213	0.000895166103043565
mrentabilidad_max6	0.000525792070192419	0.00146512978670965	0.0025528811086798
mprestamos_personales_delta2	0.00052387715762066	0.00226308025926586	0.00106093760360719
cpayroll_trx_lag2	0.000520360275965949	0.00135145969087831	0.000895166103043565
mrentabilidad_annual_min6	0.000517031599034291	0.00222202116134712	0.00338173861149791
Visa_fechaalta	0.000507703506926931	0.00222550911620181	0.00474106491611962
ccomisiones_mantenimiento_delta1	0.000504329690061922	0.00411807497170471	0.00218818380743982
mrentabilidad_annual_delta1	0.000504204367459342	0.00224107175539405	0.00371328161262516
vm_status05	0.000492755423710834	0.00112462627397583	0.000994629003381739
cliente_edad_lag2	0.000481468270445728	0.00323470192502762	0.00530468801803594
vmr_msaldopesos	0.000472110094755914	0.00097055381894561	0.00169086930574896
mv_status07	0.000471179624849193	0.00139519228421569	0.000828857502818116
ctarjeta_master	0.000470078353434642	0.000120315050595267	0.000364697301239971
ccaja_ahorro	0.000464918332517983	0.00275764071351683	0.00149194350507261
ctrx_quarter_normalizado_delta1	0.000464694200552108	0.00229599476282415	0.00364697301239971
mtransferencias_recibidas	0.000461978575659534	0.00106526381622291	0.00225449240766527
cprestamos_personales_avg6	0.000458255309843713	0.000906692442403103	0.000994629003381739
ccaja_seguridad	0.000454281435364654	0.00678174516540046	0.0020224123068762
ccallcenter_transacciones	0.000445291625245381	0.00655211673056032	0.00235395530800345
mcaja_ahorro_avg6	0.00044474014477325	0.00150904854220384	0.00278496120946887
mactivos_margen_delta2	0.00044270611975557	0.00468598848691001	0.0041774418142033
mcaja_ahorro_tend6	0.000436748150178068	0.00196167855621877	0.00334858431138519
Master_fechaalta	0.000432345913161967	0.00231980541979731	0.00368012731251243
cprestamos_personales_tend6	0.000428026732079544	0.00618673729962271	0.00198925800676348
mtarjeta_visa_consumo_tend6	0.000425639288502941	0.00540807529498047	0.00377959021285061
mcuenta_corriente_max6	0.000423706267385756	0.00396389909325404	0.00314965851070884
vm_status04	0.000423338100076174	0.00159087456687855	0.000961474703269014
vm_status01_delta2	0.000421504420696282	0.000114838780482427	0.000165771500563623
mactivos_margen_delta1	0.000419645159767756	0.00466818673066501	0.00368012731251243
Visa_fechaalta_lag2	0.000416154384025228	0.00167610322208608	0.00351435581194881
ccajas_consultas	0.000410158666405134	0.0062504099284229	0.00179033220608713
mcuentas_saldo_lag2	0.000405668254018455	0.000963950233549863	0.00185664080631258
mtarjeta_master_consumo	0.000400656530195279	0.00173458916635068	0.00139248060473443
mv_status07_delta2	0.000393383153399246	0.00468381142390953	0.00125986340428354
Master_status_delta1	0.000392910140025139	4.13435123249807e-05	9.94629003381739e-05
ccomisiones_otras	0.000386635461690981	0.0018037122094086	0.00251972680856707
mpayroll_max6	0.000385228408312086	0.00648261102084674	0.00235395530800345
cliente_edad_lag1	0.000383335943386916	0.00290591887141633	0.0043100590146542
mrentabilidad_tend6	0.000376024352410909	0.00178297581360833	0.0043100590146542
mpasivos_margen_tend6	0.000375453602369344	0.00261810959140191	0.00407797891386513
Master_fechaalta_lag1	0.000374543790663509	0.00300375742716225	0.00377959021285061
vmr_mpagominimo	0.000364244193233793	0.00106997992419544	0.00185664080631258
ctarjeta_visa_transacciones_delta2	0.000362741037695596	0.00535599643161275	0.00324912141104701
ctarjeta_visa_transacciones_tend6	0.000362740719240966	0.00179645188529299	0.00318281281082156
vm_status06_delta2	0.000361519037182284	0.00446335664646332	0.00122670910417081
cliente_edad_min6	0.000358226428066026	0.00231786881624937	0.0041774418142033
cprestamos_personales_max6	0.000357198781831358	0.000557056641643534	0.000663086002254492
mcuentas_saldo_avg6	0.000353801526464791	0.00240285959758987	0.00261918970890524
ccallcenter_transacciones_delta2	0.000350943858392411	0.00455646358072365	0.0021550295073271
cprestamos_personales_lag1	0.000341453294111506	0.00170062232948932	0.000696240302367217
cliente_edad_max6	0.000340905705453124	0.00309832521723643	0.00381274451296333
ctarjeta_debito_transacciones	0.000338937986194654	0.00217809206351089	0.00208872090710165
cliente_edad_avg6	0.000338355154989977	0.00247888873954834	0.00368012731251243
cliente_edad	0.000336923186184648	0.00272585352524145	0.0040448246137524
mcomisiones_otras	0.000336219567117883	0.000642065522082603	0.00162456070552351
mcuenta_corriente_lag2	0.00033510516854588	0.00255504457519687	0.00314965851070884
mrentabilidad_avg6	0.000334251749016256	0.000994907448876129	0.0020224123068762
mttarjeta_visa_debitos_automaticos_tend6	0.000330817131082171	0.00773124973269894	0.00364697301239971
mcuentas_saldo_delta2	0.000328355711599495	0.00374204809963175	0.00288442410980704
mpayroll_avg6	0.000321468193081499	0.0010393950331828	0.000961474703269014
mcomisiones_delta2	0.000320886392093177	0.00107747553659257	0.00238710960811617
Visa_Fvencimiento	0.000320639793244679	0.000807713643446719	0.002287646707778
mcuenta_corriente_min6	0.000320114645387263	0.00109815246392609	0.00281811550958159
vm_msaldototal_lag1	0.000319722770915246	0.000487119139149575	0.00112724620383264
mttarjeta_visa_debitos_automaticos_avg6	0.000316937507840741	0.0020124749691729	0.00275180690935614
mcomisiones_lag1	0.000311470593307575	0.000954161206804249	0.0024202639082289
mcomisiones_otras_lag1	0.000308523998028109	0.00130353844901269	0.00251972680856707
Visa_cconsumos_lag1	0.000303683581765283	0.00108599245526665	0.00258603540879252
ctarjeta_visa_transacciones_min6	0.000303635814903027	0.000893053478831228	0.00165771500563623
ccomisiones_otras_lag1	0.00029709899775748	0.000925872315725599	0.00125986340428354
ctrx_quarter_normalizado_delta2	0.000291605006904624	0.00169641816744801	0.00305019561037067
cproductos_delta1	0.000291392829964993	0.00167863709588711	0.000729394602479942
Master_status	0.000290660755003937	0.000176941958877281	0.000298388701014522
ctarjeta_master_transacciones	0.000289296065059478	0.000703780862650768	0.000629931702141768
mrentabilidad	0.000287989574936209	0.00142083353573081	0.00192294940653803
mactivos_margen_tend6	0.000286008848901737	0.00182916988435242	0.00324912141104701
mpayroll_lag2	0.00028366971172026	0.00119356056929143	0.000928320403156289
vm_status02	0.00028282265040118	6.56350882032291e-05	0.000198925800676348
mcomisiones	0.000282184686964678	0.000554085803891101	0.00129301770439626
ccaja_seguridad_avg6	0.000281895283432472	0.00218325289219135	0.00086201180293084
mcaja_ahorro_dolares_tend6	0.000280614874624706	0.00401818604664836	0.00308334991048339
Visa_cconsumos_delta2	0.000279771045092471	0.002703811408758	0.00235395530800345
cproductos_avg6	0.000279519075443004	0.00394981282338871	0.00288442410980704
mcuenta_debitos_automaticos_tend6	0.000276162460576	0.00546272164476086	0.00285126980969432
ccallcenter_transacciones_delta1	0.000274949359213793	0.00528965289297944	0.00212187520721438
ccaja_ahorro_max6	0.000271598543164294	0.00158772790931135	0.000961474703269014
ctarjeta_master_avg6	0.000271501949724066	4.71171247716149e-05	9.94629003381739e-05
Master_Fvencimiento_lag2	0.000265720702682738	0.00131412642168128	0.00288442410980704
Master_Fvencimiento_lag1	0.000264817766051906	0.0012984629446541	0.00321596711093429
vm_fechaalta	0.000264186758973142	0.00108738350027171	0.00225449240766527
ccuenta_debitos_automaticos_tend6	0.000263746911910257	0.0058889140469232	0.00245341820834162
ccomisiones_mantenimiento_lag2	0.000262497580053234	0.000311394991048095	0.000729394602479942
Visa_mpagominimo_lag2	0.000262048966905979	0.00224474328682004	0.00268549830913069
ccomisiones_mantenimiento	0.000261930436052204	0.000945799423260847	0.000895166103043565
vm_cconsumos_lag2	0.000259117041069911	0.00288425166483201	0.0025528811086798
mttarjeta_visa_debitos_automaticos_max6	0.00025818066936994	0.00180276071394046	0.00251972680856707
mrentabilidad_delta2	0.000257584314009461	0.00175781289541278	0.00318281281082156
mtarjeta_visa_consumo_min6	0.00025557774508851	0.00101757527705331	0.00195610370665075
vm_Fvencimiento_lag1	0.000253833266336523	0.00217790331576856	0.00265234400901797
ccaja_seguridad_min6	0.000252514027610398	0.001661613600881	0.000629931702141768
vm_fechaalta_lag2	0.000250531998633053	0.00152469392013245	0.00285126980969432
mtarjeta_master_consumo_max6	0.000250134027354831	0.00454059842802658	0.00212187520721438
mprestamos_personales_tend6	0.000247178726316343	0.00336481893029606	0.00149194350507261
mcuenta_corriente_lag1	0.000243782104367494	0.00145837623735425	0.00225449240766527
vm_status03	0.000243487327149431	0.000176696328253712	0.000397851601352695
vm_status05_delta2	0.000243350741290956	0.00319978876386914	0.000961474703269014
ccomisiones_otras_lag2	0.00023768293602482	0.00096499481009641	0.0020224123068762
mpasivos_margen_min6	0.00023665494879733	0.000991572043566609	0.00238710960811617
vm_fechaalta_lag1	0.000236014921533616	0.00113098681433352	0.00235395530800345
mrentabilidad_annual_tend6	0.000235864570669963	0.00196164752919264	0.00301704131025794
mactivos_margen_max6	0.000231622488365403	0.000846091489190289	0.00225449240766527
Visa_status	0.000231034183346448	0.00155753602729642	0.000596777402029043
Master_msaldototal	0.000229203769660364	0.000689138691900526	0.000928320403156289
vmr_msaldopesos2	0.0002290987778689	0.000730895897907308	0.00182348650619985
vm_Fvencimiento	0.000226672062423165	0.000995204791209924	0.00205556660698893
mpasivos_margen_delta1	0.000225689117836662	0.00224163541303551	0.00298388701014522
vm_Fvencimiento_lag2	0.000225469903221498	0.000774894806552348	0.00192294940653803
mcuentas_saldo_delta1	0.000224881834302621	0.00150140296584706	0.0021550295073271
mcuenta_corriente_delta2	0.000224252141410783	0.000854463615075735	0.00169086930574896
Master_Fvencimiento	0.000224065119697371	0.00113305528274253	0.00271865260924342
vm_msaldopesos_lag1	0.000222747237239479	0.000849282101711179	0.00116040050394536
mcuenta_corriente_tend6	0.000220862651169308	0.0018454280460472	0.00258603540879252
ctarjeta_visa_avg6	0.000215645621567371	0.000934412504669277	0.000497314501690869
mautoservicio_min6	0.000215560211708027	0.00293409399673249	0.00145878920495988
mrentabilidad_annual_delta2	0.0002141422311111	0.0012649951257964	0.00278496120946887
mrentabilidad_min6	0.000210876576489972	0.00121607067675242	0.00258603540879252
ccajas_otras_delta1	0.00020878356129845	0.00498166311804967	0.00119355480405809
Visa_Fvencimiento_lag1	0.000208326733741653	0.000864668921088662	0.00222133810755255
mrentabilidad_lag2	0.000208087063719241	0.000886641226763314	0.00195610370665075
Visa_cconsumos_lag2	0.000207855710145529	0.00113914433662154	0.00208872090710165
vm_mpagospesos	0.00020784050871003	0.000637359756452117	0.00112724620383264
ctarjeta_master_min6	0.000203630740743	0.000134372879019965	0.000265234400901797
mcomisiones_otras_delta2	0.000202493967850223	0.000810030328064804	0.0021550295073271
cpagomiscuentas_tend6	0.000202358472984215	0.00401284681256762	0.00265234400901797
chomebanking_transacciones_delta2	0.000200133501495385	0.00542913230338413	0.00281811550958159
mcuenta_debitos_automaticos_lag2	0.000200028465248591	0.000487569031028534	0.000828857502818116
vm_mpagominimo_lag2	0.000199407582385588	0.00282310773866183	0.00212187520721438
mrentabilidad_delta1	0.000196974616498308	0.00201861314917663	0.00281811550958159
ccallcenter_transacciones_lag1	0.000195490972963735	0.00531350491932077	0.00169086930574896
Master_fechaalta_lag2	0.000194364703529356	0.001806445173294	0.002287646707778
mautoservicio_max6	0.000193049514871182	0.00182171822690898	0.00198925800676348
mcaja_ahorro_delta1	0.000192864202138685	0.00143848791360167	0.00248657250845435
active_quarter_lag1	0.000192172488901674	6.378380897717e-05	9.94629003381739e-05
vmr_mpagospesos_delta2	0.000189885990823105	0.00116337902961854	0.00195610370665075
Master_mfinanciacion_limite_delta2	0.000187216816619369	0.00149016084004412	0.00245341820834162
Visa_msaldototal_delta2	0.000186493192258085	0.000900300875019278	0.0018897951064253
ctarjeta_visa_transacciones_delta1	0.000183960127991362	0.00209273671461331	0.00198925800676348
cdescubierto_preacordado_tend6	0.000183469426123618	0.006924748728857	0.00165771500563623
cliente_antiguedad_lag2	0.000182662720739267	0.00129059759352886	0.002287646707778
ccuenta_debitos_automaticos	0.000182092756519298	0.000659619062118519	0.000795703202705391
vm_mconsumospesos	0.000180869962378662	0.00103015932173659	0.00152509780518533
mcaja_ahorro_dolares_max6	0.000177766294290648	0.000968648242423815	0.00212187520721438
vmr_msaldopesos2_lag2	0.00017678877100882	0.00203397928387002	0.002287646707778
mcuenta_debitos_automaticos_lag1	0.000174533296036629	0.000684443268612086	0.00086201180293084
vmr_msaldototal_delta2	0.00017443032039158	0.00248777281136502	0.00185664080631258
ctarjeta_visa	0.000173369834970011	0.000970908044160653	0.000530468801803594
mcomisiones_mantenimiento_lag2	0.000172977000901931	0.00059299628024999	0.000994629003381739
Master_mlimitecompra_delta2	0.00017223638216321	0.00111206549956215	0.00222133810755255
ccaja_ahorro_avg6	0.000171351766497755	0.00185913682042788	0.00102778330349446
mcaja_ahorro_dolares_avg6	0.000171040020555725	0.00156859974769908	0.00192294940653803
Visa_Fvencimiento_lag2	0.000170984118848753	0.000769162563473894	0.00185664080631258
Master_mfinanciacion_limite	0.000170463194177641	0.000953734585194891	0.00225449240766527
mrentabilidad_lag1	0.000170190839114533	0.000481567887056909	0.00142563490484716
chomebanking_transacciones	0.000166507541766375	0.000886824803334613	0.00225449240766527
mtarjeta_visa_consumo_max6	0.000166440344543764	0.000927276288658211	0.0017571779059744
mpayroll_tend6	0.000165962459594718	0.00149937069563521	0.00129301770439626
vm_status01_delta1	0.000164119844447924	0.000320227351154545	0.000198925800676348
cproductos_min6	0.000162838241015835	0.000716380420847118	0.000895166103043565
mpasivos_margen_delta2	0.000160843141865724	0.000973566026066224	0.00208872090710165
mtarjeta_visa_consumo_lag1	0.000160214974228472	0.000454225320275378	0.000994629003381739
ctarjeta_visa_debitos_automaticos_tend6	0.000160069897251564	0.0013261907636768	0.00165771500563623
vm_mpagominimo_lag1	0.000159703262629163	0.00125970760342588	0.00119355480405809
mautoservicio_avg6	0.000157834317413472	0.000635110297057325	0.00149194350507261
vmr_mpagominimo_lag2	0.000156917238314716	0.00191286270176626	0.0017571779059744
vm_cconsumos_delta2	0.000155726761238731	0.00299834321110168	0.00205556660698893
Master_mfinanciacion_limite_lag1	0.000155210147838185	0.00073161986185046	0.00192294940653803
chomebanking_transacciones_lag2	0.000153321940063436	0.00108039724822029	0.00192294940653803
cprestamos_personales_min6	0.00015295289009817	0.00137811449191384	0.000729394602479942
vm_Finiciomora_lag1	0.000152267979217939	0.00637765176260282	0.00162456070552351
Master_mlimitecompra	0.000151856955126367	0.000687579583837239	0.00172402360586168
mcaja_ahorro_delta2	0.00015185215351741	0.000962962539884563	0.00185664080631258
cliente_antiguedad_lag1	0.000151396810478669	0.000997795547892202	0.0018897951064253
cliente_antiguedad	0.000149756704714566	0.00101977043915237	0.0020224123068762
numero_de_cliente	0.000149619332573714	0.0013988922570823	0.00225449240766527
mttarjeta_visa_debitos_automaticos_delta2	0.000149115574722249	0.00154677999156959	0.00155825210529806
mtransferencias_recibidas_lag2	0.000148660450041021	0.000455461230149759	0.00129301770439626
mcaja_ahorro_dolares_delta2	0.000148127126840261	0.0014675757506033	0.00152509780518533
Visa_msaldopesos_delta1	0.00014771643798676	0.000621564414563856	0.00162456070552351
Visa_cconsumos_delta1	0.000147701939293327	0.000858972876207365	0.00165771500563623
thomebanking	0.000146505533315655	0.00114106025548538	0.00132617200450898
ccaja_ahorro_lag2	0.000145849401213042	0.0012889298908741	0.00086201180293084
Master_msaldopesos	0.000145131400730383	0.000574535199699623	0.00112724620383264
azar_sampling	0.000144025863166726	0.000899388163333805	0.00222133810755255
cliente_antiguedad_min6	0.000141418453860299	0.0011018989773319	0.00182348650619985
mttarjeta_visa_debitos_automaticos_delta1	0.000141253661147036	0.00129178437727852	0.00149194350507261
Visa_mpagospesos_delta2	0.000139497870464173	0.000619826901100292	0.0017571779059744
cprestamos_personales_lag2	0.000138824370334772	0.000176334346282136	0.000198925800676348
Visa_msaldopesos_delta2	0.000138782296599677	0.000881397659346487	0.00162456070552351
Master_mfinanciacion_limite_lag2	0.000138469839993406	0.000680502836292932	0.00192294940653803
ccajas_consultas_delta1	0.000138372458958578	0.00251277800884437	0.000696240302367217
vmr_msaldopesos_delta1	0.000138158203176291	0.00154580781141736	0.00135932630462171
mcuenta_debitos_automaticos_avg6	0.000137584925576709	0.00046538729292747	0.00112724620383264
vm_status02_delta1	0.000136661250308689	8.54768714166063e-05	0.000198925800676348
cproductos_lag2	0.00013614580913332	0.000376582772957877	0.000563623101916319
cplazo_fijo_tend6	0.000134628450938274	0.00568029349436201	0.00155825210529806
Visa_mfinanciacion_limite	0.000133368888271114	0.000688019133374153	0.00162456070552351
mtarjeta_visa_consumo_delta1	0.000133321087478863	0.00144392281434633	0.00162456070552351
mextraccion_autoservicio_delta2	0.000133015477797394	0.00231544353703982	0.0017571779059744
mtarjeta_visa_descuentos_delta2	0.000132961733856816	0.00588168474983373	0.00162456070552351
chomebanking_transacciones_lag1	0.000130098846415698	0.000658773575656338	0.00162456070552351
ccaja_ahorro_min6	0.000128398209339631	0.00192617588156372	0.00102778330349446
Visa_mpagominimo_delta2	0.000127482724806034	0.000608189180714129	0.00145878920495988
Visa_mpagospesos_delta1	0.000127436602710882	0.000667846395215335	0.00182348650619985
tcallcenter	0.000127293948198907	0.000924155486946125	0.000762548902592666
ctarjeta_debito_transacciones_tend6	0.000127146838677798	0.00123291059518723	0.0018897951064253
ccuenta_debitos_automaticos_lag1	0.000126613595642882	0.000305910964178722	0.000563623101916319
mpayroll_delta2	0.000126013931335301	0.00107301540158566	0.000994629003381739
Master_fultimo_cierre	0.000126005160312563	0.000520961867906402	0.00116040050394536
cproductos_lag1	0.000125067249757459	0.00192362390866411	0.00119355480405809
vm_status04_delta2	0.000124704901147824	0.00166231946572557	0.000464160201578145
active_quarter_min6	0.000124620483059062	0.000376220790986301	0.000530468801803594
vmr_mpagominimo_lag1	0.000123893871636121	0.00033135571119499	0.000994629003381739
mpayroll_sobre_edad_delta2	0.00012359342495099	0.00188309744136069	0.00129301770439626
vmr_mpagospesos_lag1	0.000123591481107094	0.000900378442584616	0.00152509780518533
ctarjeta_debito_transacciones_max6	0.000122945889814981	0.00074473653714906	0.00162456070552351
Visa_status_delta2	0.000122510972275308	0.000633711495295735	0.000364697301239971
mtarjeta_visa_consumo_delta2	0.000122250959937285	0.00111275843647917	0.00132617200450898
ctarjeta_visa_debitos_automaticos_avg6	0.0001215293430377	0.000543164290691556	0.00112724620383264
Master_mlimitecompra_lag2	0.000120245382483903	0.000630236468368608	0.00149194350507261
mcaja_ahorro_dolares_delta1	0.0001198445193779	0.000774545752508329	0.00112724620383264
Visa_mfinanciacion_limite_delta2	0.000119770587217831	0.000921650054585718	0.00172402360586168
mtransferencias_emitidas	0.000119346112213319	0.0013003478364918	0.00149194350507261
tcallcenter_lag2	0.00011875931963724	0.00120117511862207	0.000961474703269014
vm_mlimitecompra_delta2	0.000118492678746954	0.000910066631495292	0.0017571779059744
mcaja_ahorro_dolares_min6	0.000118401537806136	0.000937941828892141	0.00149194350507261
foto_mes	0.000118064046618081	0.000990385259816943	0.00116040050394536
ctarjeta_visa_transacciones_max6	0.000118062106670788	0.000894762550854169	0.00139248060473443
Visa_msaldototal_lag1	0.000116077862795237	0.000712109033582523	0.00102778330349446
cmobile_app_trx	0.000115488102550362	0.00186686772110653	0.00149194350507261
cproductos_max6	0.000115396359729642	0.0013274990699455	0.00145878920495988
vm_cconsumos_lag1	0.000114755088678295	0.000712346907449559	0.00109409190371991
Visa_mconsumospesos_lag1	0.000114408831315171	0.000776779698390054	0.00159140640541078
Visa_status_delta1	0.000113564473468238	0.000444989608829173	0.000265234400901797
cmobile_app_trx_lag1	0.000113259172086692	0.0015338262081582	0.00152509780518533
vmr_msaldopesos_lag2	0.000113032139613954	0.000635260261016978	0.00102778330349446
Visa_mpagospesos	0.0001124773657745	0.00100605390801515	0.00145878920495988
tcallcenter_delta2	0.000112262140749806	0.00112727391353936	0.000663086002254492
vm_msaldototal_lag2	0.000111492103680918	0.00082340556191453	0.000994629003381739
mautoservicio_tend6	0.000110945538471213	0.000628661846792253	0.00135932630462171
vm_mpagospesos_delta2	0.000110724851831662	0.000590757163197242	0.00119355480405809
Master_mlimitecompra_delta1	0.000109589637567524	0.00057310795649741	0.00139248060473443
Visa_msaldototal_delta1	0.000109443503992682	0.000533574354030308	0.00116040050394536
Visa_mconsumototal_delta2	0.000108220147441526	0.000732348996964634	0.00135932630462171
ctransferencias_recibidas	0.000108118100219716	0.00061296734273893	0.000994629003381739
ccaja_ahorro_lag1	0.000107861253686236	0.000906250307280678	0.000596777402029043
mcaja_ahorro_dolares_lag1	0.000107797815949255	0.000717212979381742	0.00139248060473443
cpagomiscuentas_max6	0.000107659605699454	0.00056631303777383	0.00139248060473443
vmr_msaldopesos2_lag1	0.000107658514519169	0.000755632194493493	0.00116040050394536
Master_mfinanciacion_limite_delta1	0.000107316400958378	0.000509724913274485	0.00139248060473443
mcaja_ahorro_dolares	0.000106967406798222	0.000652924981229877	0.00122670910417081
Visa_mconsumospesos	0.0001066288172402	0.00048647015718625	0.00142563490484716
ctarjeta_debito_transacciones_avg6	0.000105945428818567	0.000263044541987611	0.000928320403156289
vmr_msaldopesos_delta2	0.000105613916486848	0.00140833998654042	0.00122670910417081
mcaja_ahorro_dolares_lag2	0.000105063580632682	0.000408512168436375	0.00119355480405809
vm_mpagospesos_lag1	0.000102818669064217	0.0004710910945653	0.00102778330349446
mttarjeta_visa_debitos_automaticos_lag2	0.000102361507786296	0.000728266357442361	0.00116040050394536
mcuenta_debitos_automaticos_max6	0.000102207116115384	0.000528672083900967	0.000895166103043565
vmr_Master_mlimitecompra_lag2	0.000101452553761325	0.00059180173974379	0.00119355480405809
ccaja_seguridad_lag1	0.00010124093954274	0.00088463481240658	0.000331543001127246
Visa_mpagominimo_delta1	9.99323646467669e-05	0.000668663440236892	0.00129301770439626
mtransferencias_recibidas_lag1	9.89062140865598e-05	0.000357102971716076	0.00102778330349446
Master_fultimo_cierre_lag2	9.88805100541233e-05	0.000555717308348703	0.00102778330349446
Visa_msaldopesos_lag2	9.87582438173578e-05	0.000387302610487544	0.000895166103043565
Visa_msaldototal_lag2	9.87376792947427e-05	0.000537579425987244	0.00112724620383264
vm_msaldopesos_lag2	9.81833745752257e-05	0.00078591198641581	0.00106093760360719
vm_mpagado_delta1	9.81158310007903e-05	0.0016657479521135	0.00086201180293084
matm	9.74594762797529e-05	0.000412142330494179	0.000563623101916319
vm_mconsumototal	9.68148854729902e-05	0.000458628572401047	0.000795703202705391
ctarjeta_visa_transacciones_avg6	9.66886682818053e-05	0.000755761473769055	0.00145878920495988
vm_status04_delta1	9.66054766239646e-05	0.0022418396742909	0.000563623101916319
Visa_mfinanciacion_limite_delta1	9.65563676674938e-05	0.000551888056206533	0.00135932630462171
ctarjeta_visa_min6	9.65190370297065e-05	0.00043046896059796	0.000232080100789072
vmr_mpagominimo_delta2	9.59528861916173e-05	0.000916375460142756	0.00122670910417081
vm_fultimo_cierre_lag2	9.32972418095343e-05	0.000595256081986828	0.00135932630462171
vm_msaldototal_delta2	9.25941123774689e-05	0.000599884280051975	0.00102778330349446
mcomisiones_delta1	9.23612712618262e-05	0.000373816196460834	0.00116040050394536
Visa_mconsumospesos_lag2	9.22726107541696e-05	0.00051370930054733	0.00139248060473443
Visa_mpagospesos_lag1	9.22597357871857e-05	0.000494552697494436	0.00106093760360719
matm_delta2	9.15228513914106e-05	0.00186987734264163	0.00129301770439626
vm_mfinanciacion_limite_delta2	9.13680261407862e-05	0.000452249932944779	0.00132617200450898
Master_fultimo_cierre_lag1	9.07925793103837e-05	0.000500380607236806	0.00102778330349446
Master_mconsumospesos	9.06325528611861e-05	0.000329369981522346	0.000530468801803594
cliente_antiguedad_avg6	9.05987523452869e-05	0.000762269392500886	0.00125986340428354
Master_mlimitecompra_lag1	9.04206113204451e-05	0.000393151204914005	0.00112724620383264
mautoservicio_lag2	8.95653499766919e-05	0.00104560043840981	0.00122670910417081
Visa_mconsumosdolares	8.91210757418424e-05	0.000790855625913331	0.00106093760360719
mttarjeta_visa_debitos_automaticos_lag1	8.85321871339801e-05	0.000605856982582976	0.000961474703269014
ctarjeta_visa_transacciones_lag1	8.83192503467667e-05	0.000539859912408171	0.000928320403156289
ctarjeta_visa_transacciones_lag2	8.78341433597011e-05	0.000537320867436118	0.00112724620383264
Master_mconsumototal	8.7357556810751e-05	0.000497187409130405	0.000629931702141768
Visa_mlimitecompra_delta1	8.72804074390293e-05	0.00056620961435338	0.00129301770439626
ctarjeta_visa_debitos_automaticos_lag2	8.72381721101086e-05	0.000448428437559143	0.000762548902592666
vm_mconsumospesos_lag2	8.71288435498712e-05	0.000915579099805289	0.00109409190371991
ctransferencias_recibidas_lag2	8.68926031315171e-05	0.000669467557330892	0.00129301770439626
mtarjeta_visa_consumo_avg6	8.61047471755382e-05	0.000339376197450906	0.000762548902592666
mtransferencias_emitidas_lag1	8.55880871559956e-05	0.00082501121051702	0.00109409190371991
Visa_msaldopesos_lag1	8.55018495740529e-05	0.00122931146015556	0.00112724620383264
cliente_antiguedad_max6	8.54881670185882e-05	0.000708556439090058	0.00119355480405809
vmr_mpagominimo_delta1	8.5184018009769e-05	0.00159027988221096	0.00102778330349446
vm_msaldopesos_delta2	8.50086643481905e-05	0.000719829591919133	0.00102778330349446
vmr_msaldopesos2_delta2	8.42609952424292e-05	0.000833388507573489	0.00125986340428354
vmr_Master_mlimitecompra	8.35205373637895e-05	0.000603165388065759	0.000994629003381739
Visa_mfinanciacion_limite_lag2	8.27808711115825e-05	0.000500163418053861	0.00122670910417081
Visa_mlimitecompra_delta2	8.27289154713282e-05	0.00047599077910913	0.00129301770439626
ccajas_transacciones	8.26857446171343e-05	0.0014596509310113	0.000596777402029043
mextraccion_autoservicio	8.26429526687567e-05	0.000811602364055647	0.00112724620383264
Visa_mconsumototal_lag1	8.24203535597245e-05	0.000496499643384411	0.00102778330349446
mcomisiones_otras_delta1	8.15299550600992e-05	0.000356958178927446	0.00119355480405809
mpagomiscuentas	8.15100571024654e-05	0.000421936528410816	0.000961474703269014
vm_status06_delta1	8.1434416527441e-05	0.00163248956568221	0.00043100590146542
Visa_mlimitecompra_lag2	8.13723980955108e-05	0.000515604534727081	0.00125986340428354
Visa_mconsumospesos_delta2	8.12966888841802e-05	0.000478659103356746	0.00119355480405809
mtarjeta_master_consumo_avg6	8.09568971177328e-05	0.000671941962665164	0.000729394602479942
vm_mpagominimo_delta2	8.08264222344724e-05	0.000560885893785704	0.00106093760360719
mtarjeta_master_consumo_tend6	8.03632204363489e-05	0.00148481902037786	0.000828857502818116
vmr_mpagospesos	8.0086778808445e-05	0.000303139216510656	0.00086201180293084
Master_cconsumos_lag1	8.00691659730133e-05	0.000442321284581557	0.000696240302367217
vmr_Master_mlimitecompra_lag1	7.96317870900263e-05	0.000682853133522664	0.00102778330349446
ccaja_seguridad_lag2	7.953579766582e-05	0.000551482119281266	0.000265234400901797
mtransferencias_recibidas_delta2	7.89131375512153e-05	0.000506014598065833	0.00106093760360719
vm_mfinanciacion_limite	7.7996845068527e-05	0.000376047556757047	0.000928320403156289
Visa_cconsumos	7.75950060212642e-05	0.000368590728142586	0.000961474703269014
mautoservicio_delta1	7.74285983589262e-05	0.00126065909889403	0.00102778330349446
chomebanking_transacciones_delta1	7.71084479227505e-05	0.00091366576652696	0.00125986340428354
vmr_mconsumospesos_lag2	7.68738946783588e-05	0.00042003095188902	0.000961474703269014
Visa_mconsumototal_delta1	7.61160936838347e-05	0.000488740301265132	0.00112724620383264
Visa_mpagominimo_lag1	7.56921176849014e-05	0.000420589438359451	0.00109409190371991
ctarjeta_debito_transacciones_delta2	7.48442996139778e-05	0.00139790197783148	0.00106093760360719
Visa_mpagospesos_lag2	7.44238905593292e-05	0.000464924473120955	0.00106093760360719
mtransferencias_emitidas_delta2	7.36095454692878e-05	0.000884906298885261	0.000928320403156289
mtarjeta_visa_consumo_lag2	7.31402298711629e-05	0.000363150656226903	0.000663086002254492
ccajas_consultas_delta2	7.30120069238696e-05	0.000716675177595401	0.000265234400901797
active_quarter_lag2	7.27534446229746e-05	1.78844949813565e-05	6.63086002254492e-05
vm_Fvencimiento_delta2	7.2625108754333e-05	0.000954618855439741	0.000696240302367217
Master_msaldototal_delta2	7.26132970190243e-05	0.00106727798733618	0.000828857502818116
Visa_mconsumospesos_delta1	7.25430087135671e-05	0.000519544967046234	0.00102778330349446
Master_mpagominimo	7.19680811630986e-05	0.000295004964492245	0.000663086002254492
vmr_mpagospesos_lag2	7.14929622711335e-05	0.000417419510522652	0.000994629003381739
Master_mpagominimo_delta2	7.13925276719566e-05	0.000520087940003598	0.000663086002254492
vm_mlimitecompra	7.08103020747482e-05	0.000452854959954413	0.00086201180293084
ccuenta_debitos_automaticos_avg6	7.05334684926672e-05	0.000289363216906684	0.000828857502818116
Visa_mlimitecompra_lag1	6.94135370932615e-05	0.000531340408148583	0.00116040050394536
cliente_edad_tend6	6.90639664211909e-05	0.000554122002088259	0.000994629003381739
mprestamos_personales_delta1	6.89371052514669e-05	0.00084436431806877	0.000563623101916319
vmr_msaldototal_delta1	6.87443772185407e-05	0.000850476642217379	0.000895166103043565
Master_cconsumos	6.87222007499077e-05	0.000315891324252169	0.000596777402029043
Visa_mconsumototal_lag2	6.86765232481308e-05	0.00035622645822776	0.00086201180293084
thomebanking_lag1	6.8622734822171e-05	0.000338903035302346	0.000729394602479942
vm_mfinanciacion_limite_lag2	6.80171853019368e-05	0.000302836703005839	0.00086201180293084
ctarjeta_debito_avg6	6.74265157562266e-05	0.000375070205433793	0.00102778330349446
cmobile_app_trx_lag2	6.70175078811889e-05	0.00128260037754254	0.000928320403156289
vmr_msaldopesos2_delta1	6.69846972025961e-05	0.000688039818058243	0.000961474703269014
vmr_Visa_mlimitecompra	6.68564920855166e-05	0.000449915149228115	0.000895166103043565
vm_cconsumos	6.63682924619563e-05	0.000852389975495708	0.00109409190371991
mextraccion_autoservicio_lag2	6.60824054845867e-05	0.00067187215185636	0.000828857502818116
ctarjeta_visa_debitos_automaticos_delta2	6.58722360266885e-05	0.000770913004865014	0.000696240302367217
Visa_mlimitecompra	6.58024989753465e-05	0.000373617106376467	0.000928320403156289
vm_mpagospesos_lag2	6.56517872428083e-05	0.00051432725548452	0.00086201180293084
Visa_mpagado_delta1	6.53465752601337e-05	0.000689055953164166	0.000762548902592666
vm_fultimo_cierre_delta2	6.5244855833782e-05	0.000310262504594165	0.000729394602479942
vmr_msaldototal_lag2	6.48319638169598e-05	0.000371323692027983	0.000762548902592666
Visa_mconsumosdolares_delta1	6.47662210139809e-05	0.000404095988383151	0.000696240302367217
vmr_mconsumospesos_delta2	6.46829833354567e-05	0.000378038457600714	0.000961474703269014
cpagomiscuentas_avg6	6.45355715421386e-05	0.000340684503719601	0.000928320403156289
vmr_Visa_mlimitecompra_lag1	6.43606026425499e-05	0.000382020259288048	0.000828857502818116
ccajas_otras	6.34818203218576e-05	0.00133970820472965	0.000331543001127246
ctarjeta_master_transacciones_max6	6.2776506908977e-05	0.000248844506359794	0.000364697301239971
mtransferencias_emitidas_delta1	6.27597672631891e-05	0.00173030226557302	0.000961474703269014
vm_msaldopesos_delta1	6.20494136595673e-05	0.000468032346905485	0.000762548902592666
Visa_fultimo_cierre_lag2	6.19722154550972e-05	0.000231895993333512	0.000762548902592666
vm_msaldototal_delta1	6.17295049755472e-05	0.000423986897721242	0.000729394602479942
mttarjeta_visa_debitos_automaticos_min6	6.15299558340659e-05	0.000471331554017847	0.000895166103043565
cseguro_accidentes_personales_avg6	6.07550163979835e-05	0.00124932647759819	0.000828857502818116
mcheques_depositados_lag2	6.0001507316223e-05	0.0031449252249058	0.000795703202705391
Master_mconsumototal_delta1	5.97961494116336e-05	0.000445522239444491	0.000530468801803594
vmr_mpagospesos_delta1	5.96107323172929e-05	0.000358067395111774	0.000795703202705391
mautoservicio_lag1	5.94966138404107e-05	0.000450608086145132	0.000828857502818116
mtransferencias_recibidas_delta1	5.91078307342974e-05	0.000572417605165905	0.000994629003381739
Visa_mconsumototal	5.89892260378935e-05	0.000296005586085101	0.000729394602479942
ccallcenter_transacciones_lag2	5.80913978634809e-05	0.000775830788507423	0.000629931702141768
ctarjeta_debito_transacciones_lag2	5.80531656949782e-05	0.000533199444131176	0.000961474703269014
vmr_mconsumototal_lag2	5.78829326835284e-05	0.000313111819827569	0.00086201180293084
ctarjeta_debito_transacciones_lag1	5.78812846609089e-05	0.000432583969546167	0.000729394602479942
ctarjeta_debito_transacciones_delta1	5.74067697624273e-05	0.000728692979051718	0.000828857502818116
cdescubierto_preacordado_delta2	5.71533270768606e-05	0.00415537204270458	0.000994629003381739
mtarjeta_master_consumo_lag1	5.67087889949149e-05	0.000400403772273077	0.000298388701014522
vmr_mconsumospesos	5.6459882756482e-05	0.000378971853970278	0.000828857502818116
mttarjeta_visa_debitos_automaticos	5.64519055789364e-05	0.000291654045669657	0.000729394602479942
mtransferencias_emitidas_lag2	5.574249322028e-05	0.00047967523846267	0.000895166103043565
mpayroll_delta1	5.56224428140812e-05	0.000433481167718573	0.000497314501690869
vm_mfinanciacion_limite_delta1	5.53662597623891e-05	0.000281774523431149	0.000729394602479942
mcomisiones_mantenimiento_lag1	5.53648772997683e-05	0.000276841226275673	0.000795703202705391
Master_msaldopesos_lag1	5.52179719646576e-05	0.000511863192492293	0.000696240302367217
vm_mconsumototal_lag2	5.47515929050776e-05	0.000346768386427586	0.000795703202705391
vmr_Visa_mlimitecompra_lag2	5.47233754573402e-05	0.000337483548856667	0.000563623101916319
vmr_mconsumototal	5.4381523780318e-05	0.00026349443386657	0.000795703202705391
vm_mfinanciacion_limite_lag1	5.28450915738963e-05	0.000308212135283739	0.000596777402029043
Visa_mfinanciacion_limite_lag1	5.25638921537832e-05	0.000387943835694335	0.000828857502818116
vmr_mpagado_lag1	5.19740175551326e-05	0.000714896294763657	0.000563623101916319
Visa_mconsumosdolares_lag2	5.18850743183838e-05	0.000509293120494105	0.000696240302367217
cplazo_fijo_delta2	5.15112145227285e-05	0.00298564540065591	0.000729394602479942
ctransferencias_emitidas	5.14097626597703e-05	0.00202665432011663	0.000828857502818116
ccuenta_debitos_automaticos_max6	5.10919578408071e-05	0.00044998754562243	0.000497314501690869
cseguro_vivienda_avg6	5.10678544369296e-05	0.000909810658529677	0.000530468801803594
vm_mconsumospesos_delta2	5.06118040270292e-05	0.000422660492353967	0.000828857502818116
mautoservicio_delta2	5.05475807789777e-05	0.000501207994600408	0.000663086002254492
Visa_mpagado_lag1	4.96184741824228e-05	0.000389125448272979	0.000629931702141768
Visa_fultimo_cierre_lag1	4.94328455896923e-05	0.000239301110237749	0.000629931702141768
Master_fultimo_cierre_delta1	4.89778205773561e-05	0.000224759777322446	0.000596777402029043
vm_mconsumospesos_lag1	4.85455530882659e-05	0.000287338703451371	0.000629931702141768
ctransferencias_emitidas_delta2	4.8391209749254e-05	0.0021099851555589	0.000828857502818116
ctarjeta_visa_debitos_automaticos_max6	4.81275112023495e-05	0.000405081096462939	0.000663086002254492
matm_delta1	4.80483072716213e-05	0.000933892801981514	0.000795703202705391
vmr_mconsumospesos_lag1	4.77333263578428e-05	0.000332834666107429	0.000729394602479942
mpayroll_sobre_edad_delta1	4.74283256157382e-05	0.000462543148865088	0.000629931702141768
mpagomiscuentas_lag2	4.71177765217997e-05	0.000305605865088394	0.000596777402029043
ctransferencias_recibidas_lag1	4.69177097932529e-05	0.000666382953815964	0.000795703202705391
catm_trx_delta2	4.65555150343216e-05	0.000558969974921863	0.000596777402029043
mpagomiscuentas_lag1	4.65338201918173e-05	0.000298203333769668	0.000696240302367217
Master_msaldopesos_delta2	4.63008196059479e-05	0.000700101574468251	0.000530468801803594
vm_mlimitecompra_lag2	4.57678156161003e-05	0.000234153209484839	0.000596777402029043
matm_lag2	4.55587757523303e-05	0.000529287453252646	0.000629931702141768
cextraccion_autoservicio	4.5533389053875e-05	0.000629649540457552	0.000563623101916319
vm_mpagospesos_delta1	4.5505266038656e-05	0.00075373178914272	0.000795703202705391
Master_mconsumospesos_delta1	4.52322908347024e-05	0.000472386472906439	0.00043100590146542
cextraccion_autoservicio_delta2	4.52166020896946e-05	0.000670837917651858	0.000663086002254492
vm_fultimo_cierre	4.50244715348363e-05	0.000429649329990892	0.000729394602479942
Master_status_delta2	4.46655314454066e-05	1.65736031271498e-05	3.31543001127246e-05
thomebanking_delta2	4.39123451806683e-05	0.00104251324930937	0.000563623101916319
ctarjeta_visa_debitos_automaticos_lag1	4.37356504916822e-05	0.000250863848644085	0.000397851601352695
mpagomiscuentas_delta2	4.34312428596189e-05	0.000309142946067792	0.000563623101916319
ctransferencias_recibidas_delta1	4.32171010404458e-05	0.000392747853574249	0.000663086002254492
cprestamos_personales_delta2	4.3167372133452e-05	0.000916636604279393	0.000364697301239971
cpagomiscuentas	4.30928508976785e-05	0.000489557346286689	0.000596777402029043
ctarjeta_debito_min6	4.30921625287185e-05	0.000453245383366613	0.000629931702141768
Master_mpagospesos	4.2970725710707e-05	0.00049517840918816	0.000497314501690869
vm_fechaalta_delta2	4.28530390073674e-05	0.000226551588081747	0.000464160201578145
vm_fultimo_cierre_lag1	4.2261151527835e-05	0.000229566380787871	0.000663086002254492
cpagomiscuentas_lag1	4.20912712109889e-05	0.000236237191406911	0.00043100590146542
vm_status05_delta1	4.20270213778884e-05	0.000942267513452472	0.000265234400901797
Master_mconsumospesos_lag1	4.11724991465815e-05	0.000451492356389981	0.000497314501690869
ctarjeta_debito_transacciones_min6	4.11278707024616e-05	0.000212367065966997	0.000265234400901797
Master_cconsumos_delta1	4.08603371996194e-05	6.16170883187376e-05	0.000132617200450898
ctarjeta_debito_max6	4.03737241004055e-05	0.000177914139029513	0.000629931702141768
vm_mpagominimo_delta1	4.01067710611748e-05	0.000277580703731892	0.000530468801803594
Master_msaldototal_lag2	4.00908778096251e-05	0.000326711999616775	0.000497314501690869
vm_cconsumos_delta1	3.98206358923004e-05	0.00059060719923759	0.000696240302367217
vmr_mpagado_delta1	3.97633552837416e-05	0.000763016626713639	0.000596777402029043
cseguro_vivienda_lag2	3.96763082701949e-05	0.000712602880415173	0.00043100590146542
ccomisiones_mantenimiento_lag1	3.95940838186114e-05	9.66285017266527e-05	0.000298388701014522
mextraccion_autoservicio_lag1	3.94335266701293e-05	0.0003865114213211	0.000596777402029043
vmr_mconsumototal_delta1	3.94035987965285e-05	0.000324700414089018	0.000530468801803594
vm_mlimitecompra_delta1	3.93404872923575e-05	0.000291641117742101	0.000596777402029043
ctarjeta_master_transacciones_avg6	3.92237062837424e-05	0.000386666556451775	0.000364697301239971
Visa_mpagado_lag2	3.89676991326186e-05	0.000190332706240075	0.000563623101916319
Visa_fultimo_cierre_delta2	3.89519797557042e-05	0.000219368831531478	0.00043100590146542
vm_mconsumototal_delta2	3.86344321025155e-05	0.000196341606968234	0.000596777402029043
Master_msaldototal_lag1	3.85971847859182e-05	0.000300015829213058	0.000497314501690869
ccheques_depositados_lag2	3.84388034444005e-05	0.00177255331841245	0.000464160201578145
Master_cadelantosefectivo	3.78572714625423e-05	4.04023591988835e-05	6.63086002254492e-05
vmr_mconsumototal_delta2	3.69379961253254e-05	0.000273878145279773	0.000629931702141768
vm_mconsumototal_lag1	3.69256458987785e-05	0.000239208029159344	0.000497314501690869
matm_other_delta2	3.65854418925295e-05	0.00120021328081189	0.000530468801803594
ccuenta_debitos_automaticos_min6	3.60574188029536e-05	8.89570695147567e-05	0.000232080100789072
cseguro_accidentes_personales_max6	3.59790667933291e-05	0.00078762105843875	0.000530468801803594
cextraccion_autoservicio_lag1	3.57766363794528e-05	0.000366814430896353	0.000596777402029043
ccajas_transacciones_delta2	3.55784707724084e-05	0.00145634913831342	0.000497314501690869
mextraccion_autoservicio_delta1	3.5468619065685e-05	0.000703760177966678	0.000629931702141768
vm_mconsumospesos_delta1	3.50626050237795e-05	0.000228855344772276	0.000497314501690869
mcuenta_debitos_automaticos_delta2	3.50318673880145e-05	0.00076876179771965	0.000629931702141768
thomebanking_delta1	3.48341108165922e-05	0.00134079415064438	0.000596777402029043
active_quarter_avg6	3.45047784914543e-05	0.000336087332680589	0.00043100590146542
Master_mconsumospesos_lag2	3.43575447999347e-05	0.000469325139661112	0.00043100590146542
vmr_mconsumospesos_delta1	3.43358960355109e-05	0.000342155701875506	0.000596777402029043
Master_mpagospesos_lag1	3.40099933845498e-05	0.000287783424159307	0.000464160201578145
cextraccion_autoservicio_lag2	3.39283641014957e-05	0.00023679050670632	0.000464160201578145
Visa_mconsumosdolares_delta2	3.34852891138033e-05	0.000337729179480236	0.00043100590146542
Visa_mpagado_delta2	3.3306631869213e-05	0.000435179897399468	0.000497314501690869
Visa_fechaalta_delta2	3.31446126131495e-05	9.3882609913699e-05	0.000331543001127246
matm_lag1	3.3126445142874e-05	0.000370948782128851	0.000596777402029043
Master_mpagosdolares_delta1	3.30827774317424e-05	5.83747640876228e-05	9.94629003381739e-05
Master_mpagospesos_delta1	3.27091257086718e-05	0.00019919609337266	0.000364697301239971
mplazo_fijo_dolares_lag2	3.26980492893762e-05	0.00148264971413392	0.000497314501690869
vmr_mpagado	3.25721517625716e-05	0.000561020344232289	0.000497314501690869
Master_mpagospesos_lag2	3.20545290767646e-05	0.000317238414303534	0.000464160201578145
vmr_mpagado_lag2	3.20479589434939e-05	0.000207811264296164	0.000464160201578145
mcuenta_debitos_automaticos_delta1	3.14088439857072e-05	0.0002701859291697	0.000364697301239971
tcallcenter_lag1	3.11244117274614e-05	0.000640953720312763	0.000397851601352695
vm_Fvencimiento_delta1	3.08600776461265e-05	0.000263016100546988	0.000298388701014522
vm_mpagado_lag1	3.0482762996126e-05	0.000350349422360676	0.000364697301239971
Master_cconsumos_lag2	3.04180925302518e-05	0.000441336176501768	0.000464160201578145
mplazo_fijo_dolares_lag1	3.00037337529638e-05	0.00156252620733314	0.000464160201578145
Master_mpagado_lag2	2.99025058144516e-05	0.000124017609047386	0.000298388701014522
mv_status07_lag1	2.97681047882345e-05	0.000192564066536289	0.000132617200450898
Visa_fultimo_cierre	2.97583359146108e-05	0.000126546311677394	0.00043100590146542
cpayroll_trx_tend6	2.96917394150197e-05	0.000227885750205555	0.000298388701014522
mplazo_fijo_dolares_delta1	2.91382964407536e-05	0.00211729977697024	0.000696240302367217
Master_mpagominimo_lag2	2.903318103983e-05	0.000189686309862261	0.000364697301239971
Master_fechaalta_delta2	2.90089199287133e-05	8.76797902721963e-05	0.000232080100789072
minversion2_avg6	2.88818707203527e-05	0.00179773175012106	0.00043100590146542
Master_msaldopesos_lag2	2.74209115650817e-05	0.000122124960453146	0.000298388701014522
ctarjeta_master_tend6	2.73059242359055e-05	0.000424788429229731	0.000165771500563623
vmr_mconsumototal_lag1	2.66925164884402e-05	0.00016577998622519	0.000397851601352695
matm_other	2.64803641818005e-05	0.00051364724649506	0.000331543001127246
thomebanking_lag2	2.63343579702793e-05	0.000154749878434172	0.000397851601352695
tcallcenter_delta1	2.62565823874257e-05	0.000598769892696624	0.000331543001127246
vmr_mpagado_delta2	2.58915450867296e-05	0.000353625359203437	0.000530468801803594
mtarjeta_master_consumo_min6	2.58382263817248e-05	0.000123115239703957	0.000232080100789072
Master_mconsumototal_lag2	2.57775490423126e-05	0.000164474265542006	0.000364697301239971
cseguro_vivienda_lag1	2.51968025915583e-05	0.000394697385049736	0.000298388701014522
cseguro_accidentes_personales_lag2	2.51649133543732e-05	0.000408351862134678	0.000331543001127246
mtarjeta_master_consumo_lag2	2.50816060879303e-05	0.000164655256527794	0.000331543001127246
ctarjeta_debito_lag1	2.44988191995988e-05	0.00021970237206243	0.000331543001127246
Master_mpagominimo_delta1	2.44856163470037e-05	0.000101983249320464	0.000298388701014522
cseguro_accidentes_personales_tend6	2.43814858149674e-05	0.00134099324072874	0.000364697301239971
ctransferencias_emitidas_lag2	2.4362350469601e-05	0.000172851562598474	0.00043100590146542
ctarjeta_debito_tend6	2.42249423077102e-05	0.0011551232550811	0.000364697301239971
Master_fultimo_cierre_delta2	2.39235929429646e-05	0.000109122050917041	0.000364697301239971
Visa_mconsumosdolares_lag1	2.35026229578039e-05	0.00013827452755645	0.000331543001127246
ccomisiones_otras_delta2	2.34667158321969e-05	0.000125318158559547	0.000298388701014522
ctarjeta_visa_debitos_automaticos_delta1	2.33266224000421e-05	0.000456997067943445	0.000331543001127246
vm_mconsumototal_delta1	2.33003781284056e-05	0.000206203030108163	0.000364697301239971
cinversion2_avg6	2.32501769411199e-05	0.000291271379013991	0.000198925800676348
cseguro_vivienda_min6	2.24968411930781e-05	0.000323074080802438	0.000232080100789072
vm_mlimitecompra_lag1	2.24431371000227e-05	0.000197843832150273	0.000364697301239971
cpagomiscuentas_lag2	2.20860971235113e-05	0.000244826506475303	0.000397851601352695
Master_mpagospesos_delta2	2.20066271644909e-05	0.000176998841758529	0.000331543001127246
Visa_fultimo_cierre_delta1	2.18763191414797e-05	0.000180629003816332	0.000165771500563623
ctransferencias_recibidas_delta2	2.18136749291475e-05	0.000371936475794151	0.000364697301239971
Master_msaldototal_delta1	2.16178911081047e-05	0.000496574625364238	0.000364697301239971
ctarjeta_visa_debitos_automaticos	2.15837419213732e-05	3.58982692382759e-05	0.000165771500563623
cdescubierto_preacordado_lag1	2.1274861715411e-05	0.000291395487118532	0.000165771500563623
mplazo_fijo_dolares_min6	2.12546973838994e-05	0.00100046128655431	0.000331543001127246
ccajas_transacciones_delta1	2.11969605898218e-05	0.000174064202203253	9.94629003381739e-05
Visa_mpagosdolares_lag2	2.11392685891477e-05	0.000489942598527866	0.000298388701014522
cdescubierto_preacordado_lag2	2.10152909857058e-05	0.000122181843334394	9.94629003381739e-05
Visa_mpagado	2.01880240792929e-05	0.000300284730106229	0.000331543001127246
Master_mpagado_lag1	1.98797455729271e-05	0.000292432306908545	0.000232080100789072
vm_fultimo_cierre_delta1	1.9675931965191e-05	8.39177633533191e-05	0.000298388701014522
mplazo_fijo_dolares	1.90002707187178e-05	0.000854461029490224	0.000265234400901797
matm_other_lag2	1.89158876092295e-05	0.000219151642348533	0.000331543001127246
Visa_delinquency	1.8840667947454e-05	0.000258630947519898	0.000165771500563623
mtarjeta_visa_descuentos_lag2	1.88189468204098e-05	0.000531327480221027	0.000232080100789072
ccuenta_debitos_automaticos_lag2	1.87871008565525e-05	0.000298914369785264	0.000232080100789072
minversion2_lag2	1.8283010341379e-05	0.0013339087364279	0.000331543001127246
Master_mconsumototal_lag1	1.7996188874554e-05	0.000192773498962701	0.000364697301239971
cseguro_vida	1.79291228293049e-05	0.00053085948924349	0.000165771500563623
Visa_mpagosdolares_delta2	1.7771893199394e-05	1.59478914334259e-05	6.63086002254492e-05
vm_mpagado_lag2	1.77310500695928e-05	0.000219694615305896	0.000331543001127246
catm_trx_lag2	1.76310239325662e-05	6.0479430693785e-05	0.000198925800676348
Visa_msaldodolares	1.74266705301332e-05	0.00027835896497078	0.000232080100789072
ctarjeta_debito_lag2	1.73239744287789e-05	0.00019868156185592	0.000331543001127246
ctarjeta_master_transacciones_tend6	1.72032166013355e-05	0.000735472384262231	0.000265234400901797
mprestamos_prendarios_tend6	1.71935688930298e-05	0.000965504170442128	0.000232080100789072
vm_mpagado_delta2	1.66555588603055e-05	0.000141656473405173	0.000265234400901797
mtarjeta_visa_descuentos	1.66300517202586e-05	0.00124300989219419	0.000331543001127246
Visa_msaldodolares_delta2	1.63569926592068e-05	0.000169578211341225	0.000132617200450898
catm_trx_lag1	1.61735673525047e-05	8.82718893542739e-05	0.000232080100789072
catm_trx_delta1	1.57984936999357e-05	0.000336813882209251	0.000232080100789072
vm_mpagado	1.57827838792146e-05	0.000197869688005386	0.000198925800676348
Master_mconsumosdolares_delta1	1.57797603557713e-05	3.60094494152599e-05	9.94629003381739e-05
Master_Fvencimiento_delta2	1.5690046092497e-05	8.67386371460992e-05	0.000165771500563623
ccajas_extracciones_delta2	1.56404832268648e-05	0.000796642166287521	0.000232080100789072
vmr_msaldodolares2_lag1	1.55294171022771e-05	0.000220762462122045	0.000132617200450898
cextraccion_autoservicio_delta1	1.55097640195906e-05	0.000282371793684249	0.000298388701014522
Master_mconsumospesos_delta2	1.53062458124188e-05	8.95388262547892e-05	0.000198925800676348
cplazo_fijo_avg6	1.51374183496629e-05	0.000358887025718842	0.000165771500563623
Master_mconsumototal_delta2	1.49801146141781e-05	7.76839166856813e-05	0.000198925800676348
mttarjeta_master_debitos_automaticos_tend6	1.45441723781286e-05	7.47932320840973e-05	0.000132617200450898
vmr_mconsumosdolares_delta2	1.44912587545453e-05	0.00017352122924589	0.000165771500563623
ccajas_otras_delta2	1.43649953176961e-05	0.000277024802846972	6.63086002254492e-05
Master_mpagominimo_lag1	1.43313757884838e-05	5.1393683207232e-05	0.000198925800676348
ccomisiones_otras_delta1	1.42482366669671e-05	7.46923942491583e-05	0.000232080100789072
Visa_msaldodolares_lag1	1.42350766068851e-05	0.000340937891099704	0.000165771500563623
ctransferencias_emitidas_lag1	1.41348215807496e-05	8.85873307866471e-05	0.000232080100789072
mplazo_fijo_dolares_avg6	1.40686475883585e-05	0.000680913944389222	0.000232080100789072
mtarjeta_master_consumo_delta1	1.38851720039595e-05	0.000165092220479196	0.000165771500563623
cseguro_vivienda_max6	1.37049514152398e-05	0.000205716940032047	0.000165771500563623
cseguro_vida_avg6	1.3392030842766e-05	0.000249131506351544	0.000165771500563623
Visa_Fvencimiento_delta2	1.33305417678457e-05	5.43515930321087e-05	9.94629003381739e-05
Master_madelantodolares	1.33271954574312e-05	1.36622338414758e-05	6.63086002254492e-05
ctarjeta_visa_debitos_automaticos_min6	1.304760568491e-05	5.36845119702047e-05	0.000198925800676348
cpagomiscuentas_min6	1.30311779526682e-05	0.000101747961038939	0.000198925800676348
ctarjeta_debito	1.28734982150375e-05	8.61129254523753e-05	0.000198925800676348
vmr_msaldodolares2_lag2	1.25013249572668e-05	0.000476575121434674	0.000198925800676348
mv_status07_delta1	1.22954091873594e-05	0.00039097931308455	0.000132617200450898
Visa_msaldodolares_delta1	1.21116802135852e-05	0.00017533372468928	9.94629003381739e-05
catm_trx_other_delta2	1.19438905844667e-05	0.000388414412257384	0.000232080100789072
Master_msaldopesos_delta1	1.18885600503624e-05	0.000120203870418283	0.000165771500563623
cseguro_vida_lag2	1.17497985151435e-05	0.000233943777058427	0.000132617200450898
Master_mconsumosdolares	1.09554612889749e-05	0.000123565131582916	0.000132617200450898
Master_mpagado_delta1	1.07859008441608e-05	0.000117248546178918	9.94629003381739e-05
vmr_msaldodolares2	1.06548244616434e-05	0.000298891099515662	0.000232080100789072
Visa_mpagosdolares	1.06213882530729e-05	7.75649797521635e-05	0.000165771500563623
mv_status07_lag2	1.03739530072773e-05	5.76068451907798e-05	6.63086002254492e-05
vm_mconsumosdolares_delta1	1.03105354044137e-05	0.000284215316153774	0.000165771500563623
ctarjeta_visa_delta2	1.02549523373854e-05	0.000249333182021422	6.63086002254492e-05
vm_mconsumosdolares_lag1	9.88159663593161e-06	4.97182237959383e-05	0.000132617200450898
matm_other_delta1	9.60226453003362e-06	0.000176903175094612	0.000232080100789072
cpagomiscuentas_delta2	9.51704768275375e-06	0.000276104334404965	0.000232080100789072
ctransferencias_emitidas_delta1	9.12314758325519e-06	0.000156340013523595	0.000132617200450898
catm_trx	9.00377588464503e-06	8.19785742198772e-05	0.000198925800676348
mcheques_depositados_lag1	8.9291399520146e-06	0.000510358381724742	0.000132617200450898
cseguro_vida_lag1	8.71883061709099e-06	9.28509612947079e-05	6.63086002254492e-05
Visa_fechaalta_delta1	8.6033100643529e-06	2.31875308649422e-05	9.94629003381739e-05
cpagomiscuentas_delta1	8.55117795005851e-06	0.000331536702180778	0.000165771500563623
ctarjeta_master_debitos_automaticos_avg6	8.4070825113942e-06	6.70856016750436e-05	6.63086002254492e-05
mttarjeta_master_debitos_automaticos_delta2	8.36956197181305e-06	0.000129258590878701	9.94629003381739e-05
vm_msaldodolares_delta2	8.31249695357794e-06	7.00874664536117e-05	9.94629003381739e-05
cpayroll_trx_delta1	8.2220661160489e-06	0.000115480005689219	0.000165771500563623
cseguro_vivienda	8.1558840487246e-06	0.000126709203564603	9.94629003381739e-05
ctarjeta_master_debitos_automaticos	8.15491023857665e-06	0.000109155663528687	9.94629003381739e-05
mprestamos_prendarios_max6	8.11896629057307e-06	0.000671417088806379	0.000165771500563623
vm_mconsumosdolares_lag2	8.07039462455574e-06	9.96613935313558e-05	0.000165771500563623
mpagomiscuentas_delta1	8.03026418242328e-06	0.000190319778312519	0.000165771500563623
vm_msaldodolares_lag2	7.93042191697207e-06	0.000145620175993928	0.000132617200450898
ctarjeta_visa_lag2	7.90260974849144e-06	6.4926637773145e-05	3.31543001127246e-05
Master_mpagosdolares_delta2	7.73226220992539e-06	2.02477201386444e-05	6.63086002254492e-05
Visa_msaldodolares_lag2	7.64247758742541e-06	0.000216338525312286	0.000132617200450898
Visa_delinquency_delta1	7.48223917905715e-06	0.000182870706454591	9.94629003381739e-05
ctarjeta_visa_tend6	7.41841935461806e-06	0.000166798706916625	6.63086002254492e-05
cprestamos_prendarios_lag1	7.25981299179564e-06	0.000415537204270458	9.94629003381739e-05
vmr_mconsumosdolares_delta1	7.20577502297861e-06	0.000136340509594031	9.94629003381739e-05
Visa_madelantopesos_delta1	7.19784013709733e-06	5.3252719189825e-05	9.94629003381739e-05
mplazo_fijo_dolares_tend6	7.18244452881776e-06	0.00036563540390322	0.000165771500563623
mttarjeta_master_debitos_automaticos_delta1	6.99131850053224e-06	0.000136865383452816	9.94629003381739e-05
cseguro_accidentes_personales_lag1	6.92888614720092e-06	0.000117954411023491	9.94629003381739e-05
Visa_cadelantosefectivo	6.70662383763466e-06	6.55885476640265e-05	6.63086002254492e-05
vm_mconsumosdolares_delta2	6.63973809791823e-06	0.000176523094024458	9.94629003381739e-05
Visa_Finiciomora	6.56070160842377e-06	0.000155639319850044	9.94629003381739e-05
vm_mconsumosdolares	6.55646583078264e-06	0.000130520356608194	0.000132617200450898
ctarjeta_visa_descuentos_delta2	6.52823090592976e-06	0.00026952660486433	9.94629003381739e-05
vmr_mconsumosdolares_lag1	6.36906647744981e-06	5.78602325708829e-05	6.63086002254492e-05
cpayroll_trx_delta2	6.21509068124925e-06	8.01867634605769e-05	6.63086002254492e-05
Visa_delinquency_lag1	6.20406880437726e-06	6.54928810001101e-06	3.31543001127246e-05
ctarjeta_master_transacciones_lag2	6.12765067176018e-06	1.38225401431736e-05	6.63086002254492e-05
cinversion2_lag2	5.83588394505694e-06	0.000171494130205065	6.63086002254492e-05
vm_Finiciomora	5.83422609578597e-06	0.000144963437274069	9.94629003381739e-05
cseguro_accidentes_personales	5.72482150671569e-06	9.87202404052587e-05	6.63086002254492e-05
active_quarter_max6	5.62086727342244e-06	5.17996201324992e-05	6.63086002254492e-05
mtarjeta_visa_descuentos_delta1	5.6138376014509e-06	5.87858721839125e-05	6.63086002254492e-05
Master_Fvencimiento_delta1	5.60781039318154e-06	6.6796016097783e-05	9.94629003381739e-05
catm_trx_other	5.40716195140576e-06	9.46789702511658e-05	9.94629003381739e-05
vm_status04_lag2	5.34475411211415e-06	6.1692070298564e-06	3.31543001127246e-05
vm_msaldodolares_lag1	5.29088587090519e-06	1.43836121991162e-05	3.31543001127246e-05
mttarjeta_master_debitos_automaticos_max6	5.27211005477091e-06	2.26885128612699e-05	6.63086002254492e-05
vm_status03_delta1	5.13680141057029e-06	0.000124666591010711	3.31543001127246e-05
cplazo_fijo_min6	5.06906015115231e-06	0.000306446180379552	9.94629003381739e-05
vmr_mconsumosdolares	4.94163565685948e-06	3.52311881763719e-05	6.63086002254492e-05
ctarjeta_master_transacciones_lag1	4.86011271400175e-06	7.12845925453231e-06	3.31543001127246e-05
Visa_delinquency_lag2	4.84447020734613e-06	6.60358539574738e-06	3.31543001127246e-05
mttarjeta_master_debitos_automaticos	4.73511402029439e-06	6.4572412558103e-05	3.31543001127246e-05
ccheques_depositados_lag1	4.64039639869243e-06	0.000245325524478975	6.63086002254492e-05
Master_mpagosdolares_lag1	4.63901662062072e-06	2.04312967099435e-05	6.63086002254492e-05
mttarjeta_master_debitos_automaticos_avg6	4.59181679923165e-06	2.25566480001958e-05	6.63086002254492e-05
vmr_Visa_mlimitecompra_delta1	4.53813146796861e-06	0.000108240366257703	9.94629003381739e-05
mplazo_fijo_dolares_max6	4.41914371997326e-06	0.000182425985746655	6.63086002254492e-05
ctarjeta_visa_delta1	4.31244291253495e-06	0.000124666591010711	3.31543001127246e-05
mttarjeta_master_debitos_automaticos_lag1	4.10627852133191e-06	3.19785216032121e-05	6.63086002254492e-05
mtarjeta_master_consumo_delta2	4.08846962366743e-06	4.40868185524231e-05	6.63086002254492e-05
Visa_madelantodolares_lag2	3.66760846291273e-06	5.30045029807444e-06	3.31543001127246e-05
vm_status03_lag2	3.5673056971311e-06	2.95739270777441e-05	3.31543001127246e-05
mplazo_fijo_dolares_delta2	3.56024381057106e-06	0.000125243176579721	6.63086002254492e-05
matm_other_lag1	3.51078994589395e-06	0.000110045104944559	9.94629003381739e-05
cplazo_fijo_lag2	3.43333580648501e-06	0.000165542112358154	9.94629003381739e-05
vmr_msaldodolares_lag1	3.41232227347825e-06	0.000130080807071281	6.63086002254492e-05
cdescubierto_preacordado_max6	3.36116053851821e-06	1.80086030858968e-05	3.31543001127246e-05
Visa_delinquency_delta2	3.32402561236957e-06	3.11485486540989e-05	3.31543001127246e-05
Visa_Finiciomora_lag1	3.26734652811014e-06	0.000128653563869067	3.31543001127246e-05
Master_mconsumosdolares_delta2	3.2630942024279e-06	9.48392765528637e-06	3.31543001127246e-05
ctarjeta_visa_descuentos_lag2	3.23529766042676e-06	6.06061243838366e-05	3.31543001127246e-05
cseguro_vida_max6	3.18205768382939e-06	4.01696565028705e-05	3.31543001127246e-05
Master_mpagado_delta2	3.07666084600327e-06	8.49106281896413e-06	3.31543001127246e-05
Master_cconsumos_delta2	2.98629812389768e-06	1.69329995132144e-05	6.63086002254492e-05
ccajas_transacciones_lag1	2.98094793786102e-06	4.54597644588999e-05	3.31543001127246e-05
catm_trx_other_lag2	2.88045032190044e-06	0.000155696202731292	0.000132617200450898
Master_mpagosdolares_lag2	2.69888677750557e-06	9.53150242869348e-05	6.63086002254492e-05
Visa_Fvencimiento_delta1	2.5401488317122e-06	1.20695131665422e-05	3.31543001127246e-05
Master_madelantopesos	2.37795527028357e-06	1.96297652014542e-05	3.31543001127246e-05
Master_mpagado	2.35249468662778e-06	5.06516201655016e-06	3.31543001127246e-05
ccheques_depositados_delta2	2.32196230867775e-06	0.000131440825050201	3.31543001127246e-05
mprestamos_prendarios_avg6	2.29654051074543e-06	0.000130610852101088	3.31543001127246e-05
ccajas_extracciones	2.2661236886079e-06	9.48470333093974e-05	3.31543001127246e-05
ctarjeta_master_debitos_automaticos_lag2	2.16388067502327e-06	6.00579802554503e-05	3.31543001127246e-05
vm_mpagosdolares	2.10769266289901e-06	8.29042138329068e-05	3.31543001127246e-05
cseguro_accidentes_personales_min6	2.00931331640401e-06	2.36994767961709e-05	3.31543001127246e-05
Master_msaldodolares_lag1	1.97121435667408e-06	1.36880896965883e-05	3.31543001127246e-05
cprestamos_prendarios_avg6	1.94807819180954e-06	0.000132247527729713	3.31543001127246e-05
Visa_cadelantosefectivo_delta1	1.93431118323675e-06	1.43551707584923e-05	3.31543001127246e-05
Master_fechaalta_delta1	1.80460066521414e-06	6.14231694053934e-05	3.31543001127246e-05
vm_msaldodolares	1.8022417880322e-06	4.24294582397081e-05	3.31543001127246e-05
minversion2_max6	1.72539460838319e-06	0.000138512401423486	3.31543001127246e-05
ctarjeta_master_transacciones_min6	1.70412208150423e-06	6.48206287671836e-06	3.31543001127246e-05
cinversion1_avg6	1.68492282784347e-06	0.000126179158534796	3.31543001127246e-05
Visa_mpagosdolares_delta1	1.65271453000132e-06	4.05885213556939e-05	6.63086002254492e-05
Master_mconsumosdolares_lag2	1.65204102873499e-06	1.34941707832442e-05	3.31543001127246e-05
vm_mpagosdolares_lag1	1.55589458595644e-06	8.89777541988467e-05	3.31543001127246e-05
vmr_Master_mlimitecompra_delta2	1.3341061994658e-06	9.63906278596172e-06	3.31543001127246e-05
vmr_mconsumosdolares_lag2	1.32208583062183e-06	1.15239546236672e-05	3.31543001127246e-05
vmr_msaldodolares	1.19425553869379e-06	7.22981420657354e-05	6.63086002254492e-05
vmr_mpagosdolares_lag1	5.95577342105506e-07	4.04644132511537e-05	3.31543001127246e-05
vmr_Master_mlimitecompra_delta1	5.17341409176055e-07	3.12235306339254e-05	3.31543001127246e-05
vmr_msaldodolares2_delta1	2.38680741047738e-07	4.0932404228691e-05	6.63086002254492e-05
