Feature	Gain	Cover	Frequency
azar_under	0.539491822483934	0.042700234238954	0.0240234733174399
ctrx_quarter	0.0623936392885498	0.00664625218259975	0.00485971025123785
ctrx_quarter_normalizado_lag1	0.0424174476852362	0.00285956270099932	0.00256739409499358
ctrx_quarter_normalizado	0.0335616044488597	0.00518663668691799	0.00394278378874014
mpasivos_margen_max6	0.0207971532762403	0.00350423398575959	0.00339262791124152
mpasivos_margen	0.0157603689693873	0.00758498957129637	0.0075187969924812
ctrx_quarter_lag1	0.0143379410860546	0.00229237543307488	0.00302585732624244
mpayroll_sobre_edad	0.0135233072377576	0.012799842488081	0.0059600220062351
ctrx_quarter_lag2	0.012853041755436	0.00277977042277444	0.00366770584999083
cpayroll_trx	0.00976481760038869	0.00471365633647018	0.00293416467999266
mpayroll	0.00788254019402153	0.00712121028125851	0.0037593984962406
vm_msaldopesos	0.00770792733410835	0.00136761022243995	0.00256739409499358
mtarjeta_visa_consumo	0.00753871698776654	0.00727986726846648	0.00632679259123418
ctrx_quarter_normalizado_lag2	0.00671023134889019	0.00232567197034056	0.00311754997249221
mcuentas_saldo	0.00652267517818109	0.0141276738502782	0.0103612690262241
mcaja_ahorro_lag1	0.00619460141936575	0.000730418131048838	0.00210893086374473
mpayroll_min6	0.00601350348114905	0.00595651382674693	0.00311754997249221
mcomisiones_min6	0.00541707541069716	0.0101284857185842	0.00880249403997799
mcaja_ahorro_min6	0.00452382512390001	0.00344599436526208	0.00430955437373923
mprestamos_personales	0.00444199271879146	0.0151143782966624	0.00779387493123052
mprestamos_personales_lag1	0.00432977624438721	0.00161898148696535	0.00229231615624427
mcaja_ahorro	0.00399691885904928	0.0072047341598814	0.00724371905373189
mcaja_ahorro_lag2	0.00306398174539198	0.00132945727379915	0.00238400880249404
mprestamos_personales_min6	0.00290973298625389	0.00182864412075642	0.00210893086374473
cpayroll_trx_min6	0.00289651117606811	0.00459519401640648	0.00210893086374473
mcomisiones_avg6	0.00272071806655987	0.00478175271287616	0.00577663671373556
cpayroll_trx_max6	0.00269903578400406	0.000651910589532411	0.00119200440124702
vm_mpagominimo	0.00259978572524123	0.000432684397007013	0.00128369704749679
ccomisiones_mantenimiento_delta2	0.00258499373323325	0.010735275928447	0.00632679259123418
vm_msaldototal	0.00248751102786242	0.00140030970364195	0.00183385292499542
mrentabilidad_annual_avg6	0.00219517660144829	0.00139866779946682	0.00348432055749129
cpayroll_trx_avg6	0.00218430375674958	0.00280745356686996	0.00265908674124335
cpayroll_trx_lag1	0.00185087997475579	0.00134305096096333	0.00100861910874748
ctarjeta_visa_transacciones	0.00169319737921253	0.00440063370251193	0.00311754997249221
cprestamos_personales_min6	0.00167131684429749	0.00177852339655343	0.00128369704749679
Master_status	0.00142917712650159	0.00035537096761795	0.000458463231248854
mcomisiones_mantenimiento	0.00142345702802663	0.00342116323004217	0.00403447643498991
mprestamos_personales_lag2	0.00137717955414033	0.000656996227789128	0.00110031175499725
mcomisiones_mantenimiento_delta1	0.00135210117961089	0.00433570918644427	0.00449293966623877
mcomisiones_mantenimiento_delta2	0.00135166809742031	0.00511988901751301	0.00476801760498808
mpayroll_lag1	0.00130559538994744	0.000962960806137421	0.000916926462497708
mrentabilidad_annual_max6	0.00128125739143962	0.00192592694313255	0.00467632495873831
mcuentas_saldo_avg6	0.00126560342469427	0.00220621277988482	0.00247570144874381
mpasivos_margen_avg6	0.00120243044602077	0.000509816577233888	0.00165046763249587
cproductos_tend6	0.00118199448265302	0.00821094954548947	0.00531817348248671
mautoservicio	0.00116781639706906	0.00560539688358271	0.00366770584999083
cprestamos_personales	0.00116580597896713	0.00300941844212571	0.00339262791124152
vm_status01	0.00115740133008442	0.00764644369899389	0.00293416467999266
mactivos_margen	0.00114795351021429	0.00148043249504494	0.00320924261874198
mpayroll_sobre_edad_lag1	0.00113454179724307	0.00097108503328966	0.000825233816247937
mrentabilidad_annual	0.001129643444011	0.00298353179707894	0.00394278378874014
mcomisiones_lag2	0.00112403262749143	0.00156200527974545	0.00339262791124152
mcomisiones_tend6	0.00112286732175157	0.0058668701234713	0.0059600220062351
cproductos	0.00108265053922238	0.00482739018574382	0.00394278378874014
cdescubierto_preacordado_min6	0.00107661383857777	0.00401250994511488	0.00311754997249221
mpayroll_avg6	0.00107483808925848	0.00128275896024691	0.00146708233999633
mv_status07	0.00107031511384703	0.00133912744968771	0.00137538969374656
mcuentas_saldo_min6	0.00102398497187936	0.00664451432298582	0.00504309554373739
mactivos_margen_min6	0.000997790071345437	0.00411336977301538	0.00788556757748029
Visa_mpagominimo	0.000995074909993725	0.00268811165528388	0.00330093526499175
mcuentas_saldo_tend6	0.000970934414661548	0.00408379950529001	0.00531817348248671
Visa_msaldopesos	0.000960423150682288	0.00276263171523215	0.00284247203374289
mcomisiones_otras_lag2	0.000946509306427152	0.00071003826201799	0.00192554557124519
mcuentas_saldo_lag1	0.000940550850104017	0.000989092670638916	0.00339262791124152
mcaja_ahorro_max6	0.000936677285722961	0.000649207844672709	0.00165046763249587
Visa_status	0.000926338192530375	0.00444348846765423	0.00183385292499542
ccomisiones_mantenimiento_delta1	0.000923710982399651	0.00346081414969989	0.00256739409499358
mprestamos_personales_max6	0.000923337219820419	0.00148125877799022	0.00100861910874748
mactivos_margen_avg6	0.000839981324538271	0.00222392722005995	0.00412616908123969
vmr_msaldototal	0.000823968868099546	0.0015535025616957	0.00192554557124519
vmr_msaldototal_lag1	0.000797821611838191	0.000557735657202052	0.00146708233999633
mpasivos_margen_lag1	0.000797587320618727	0.00148861536163201	0.00247570144874381
mpayroll_sobre_edad_lag2	0.000793332025609662	0.000829492121616013	0.000916926462497708
mrentabilidad_avg6	0.000791619285363444	0.000701759439992118	0.00201723821749496
mcomisiones_max6	0.00077433138804764	0.00287747438290977	0.00284247203374289
mtarjeta_master_consumo	0.000769804662756435	0.00237941767778733	0.00201723821749496
cproductos_delta2	0.000760517209772558	0.00555793625737773	0.00311754997249221
cprestamos_personales_tend6	0.000745277402488581	0.00457977717590499	0.00293416467999266
mtarjeta_visa_consumo_tend6	0.000711145785373232	0.00577745031621955	0.00430955437373923
mprestamos_personales_delta2	0.000684276458366993	0.00288124329931176	0.00146708233999633
mcuenta_debitos_automaticos_min6	0.000682695301064711	0.00206195443935545	0.00201723821749496
mcuenta_corriente_avg6	0.000677587753272778	0.00442350841295174	0.00522648083623693
mrentabilidad_annual_lag1	0.000677128193127746	0.00134358404673448	0.00348432055749129
ctarjeta_master	0.000657278194924667	2.28747104398035e-05	9.16926462497708e-05
mrentabilidad_annual_lag2	0.000650564425657923	0.0015321684691345	0.00311754997249221
ccallcenter_transacciones	0.000629045316950654	0.00651703219167436	0.00403447643498991
mpasivos_margen_lag2	0.000609596051935826	0.00113507820906679	0.0015587749862461
mcuentas_saldo_max6	0.000594715420139396	0.00109561386942898	0.00183385292499542
ctrx_quarter_normalizado_delta1	0.000593772897667885	0.00123257959660909	0.00330093526499175
mprestamos_personales_avg6	0.000593611059751148	0.000884229368597114	0.00128369704749679
mcuenta_corriente_max6	0.000590229792579492	0.00384692284288202	0.00403447643498991
mactivos_margen_lag2	0.000584626492459155	0.00122637447823297	0.00238400880249404
mcuenta_debitos_automaticos	0.000582020282843625	0.00180991148675841	0.00192554557124519
mcuentas_saldo_lag2	0.000580406615094114	0.000386215310336361	0.00128369704749679
Visa_fechaalta_lag1	0.000575664366602872	0.00181551954907085	0.00394278378874014
mtransferencias_recibidas	0.000556147473011751	0.000419517178459748	0.0015587749862461
mrentabilidad_annual_delta1	0.000523148208651715	0.00170464837038825	0.00247570144874381
mcaja_ahorro_tend6	0.000519111318881808	0.00113060561944689	0.00201723821749496
vm_status04_delta2	0.00050585798058656	0.00185228114384896	0.000916926462497708
mtarjeta_visa_consumo_min6	0.000465514706867748	0.000982071931032945	0.00165046763249587
Visa_fechaalta_lag2	0.000455637173359881	0.00136153304464891	0.00302585732624244
mactivos_margen_delta2	0.000454758242351645	0.00466683541319057	0.00449293966623877
vmr_mpagominimo	0.000450195059433915	0.000784355749373222	0.00165046763249587
cprestamos_personales_avg6	0.000447266812601146	0.000546508870861752	0.000733541169998166
ctrx_quarter_delta1	0.000444264764252147	0.0024986583030769	0.00385109114249037
cliente_edad_lag2	0.000439873224998534	0.00367964585875464	0.00467632495873831
mrentabilidad_max6	0.000429731989368009	0.000625597475868726	0.00210893086374473
Master_fechaalta	0.000428783604564668	0.00161197140907481	0.00311754997249221
mactivos_margen_delta1	0.000428421915290849	0.00428354674373779	0.0037593984962406
cdescubierto_preacordado_avg6	0.000423257051191002	0.00212253963724601	0.00128369704749679
Visa_fechaalta	0.0004207776627862	0.00189084456853354	0.00265908674124335
mcomisiones	0.000418842285859645	0.000362807514125414	0.00128369704749679
mpasivos_margen_tend6	0.000417435121393378	0.00137051553989269	0.00302585732624244
Visa_msaldototal	0.000414198157043048	0.00145898112361409	0.00137538969374656
cliente_edad_lag1	0.000409886672869007	0.0034012844616362	0.00430955437373923
mttarjeta_visa_debitos_automaticos_tend6	0.000408284105397472	0.00577748763222353	0.00412616908123969
vm_status06_delta2	0.000406269505575437	0.00187254906486787	0.00100861910874748
cproductos_delta1	0.000404684810351735	0.00207289869023705	0.00137538969374656
mactivos_margen_lag1	0.000386562613322395	0.00112461373537923	0.00275077938749312
ccaja_seguridad	0.000385584339422001	0.00760452716480881	0.00284247203374289
cdescubierto_preacordado_tend6	0.000384604689575237	0.00747363328456203	0.00247570144874381
cproductos_min6	0.00038458984852973	0.00088765177924786	0.00146708233999633
ccajas_consultas	0.000374998662812985	0.00744023546099983	0.00256739409499358
ccaja_ahorro	0.000367955383509986	0.001487026766034	0.00128369704749679
cdescubierto_preacordado	0.000367294187595995	0.00213558424606591	0.00183385292499542
mttarjeta_visa_debitos_automaticos_avg6	0.000366238868424431	0.00343688392943322	0.00330093526499175
ctarjeta_visa_transacciones_delta2	0.000362387038687168	0.00326843948746703	0.00293416467999266
vm_mpagominimo_lag2	0.000358452171200522	0.00179634445388279	0.00247570144874381
ccomisiones_otras	0.000357805546927047	0.000551797081711504	0.0015587749862461
mcuentas_saldo_delta2	0.000354760900894843	0.00363183872679841	0.00293416467999266
ctarjeta_debito_transacciones	0.000353260899865032	0.00111615366419117	0.00119200440124702
mcaja_ahorro_dolares_tend6	0.00035079978266516	0.00326886062522624	0.00320924261874198
Visa_msaldototal_lag1	0.000346538107512025	0.000770996619948345	0.00165046763249587
mpasivos_margen_min6	0.00034603083930883	0.00166978456095541	0.00229231615624427
vm_status06	0.000344854352469499	0.000439054771972188	0.000458463231248854
ctrx_quarter_delta2	0.000344786552345616	0.00221196477535547	0.00284247203374289
ccallcenter_transacciones_delta2	0.000332945266038201	0.00299140014306103	0.00229231615624427
ctrx_quarter_normalizado_delta2	0.000329095387506201	0.00104324352327176	0.00229231615624427
mcuenta_debitos_automaticos_lag1	0.000325951196330005	0.00101431295847175	0.00146708233999633
cpagomiscuentas_tend6	0.000323306511323809	0.00738279546915903	0.00449293966623877
ctarjeta_visa_transacciones_delta1	0.000320607410471368	0.00309624212167199	0.00339262791124152
mcuenta_corriente	0.000316436759737033	0.000557852936071704	0.00183385292499542
ccuenta_debitos_automaticos_tend6	0.000314215917914976	0.0048680006597896	0.00293416467999266
mrentabilidad_tend6	0.000313761606611145	0.000642181774209027	0.00275077938749312
mcuenta_corriente_tend6	0.000308571940216268	0.00151752993385888	0.00265908674124335
mrentabilidad_annual_min6	0.000306153356121639	0.00141323170273449	0.00275077938749312
mcuenta_corriente_lag1	0.000305455918897484	0.000840729569671736	0.0022006235099945
mtarjeta_visa_consumo_max6	0.000303346235357336	0.000700773231315501	0.00146708233999633
mcuenta_debitos_automaticos_tend6	0.000294943956842351	0.00427082198638058	0.00320924261874198
ctarjeta_visa_debitos_automaticos_tend6	0.000294185084583398	0.00141968204056533	0.00265908674124335
mcomisiones_delta2	0.000293503350302627	0.000825573941198102	0.00201723821749496
mpayroll_tend6	0.000293426794714645	0.00184876810861712	0.00165046763249587
vm_fechaalta_lag1	0.000288710010541579	0.000848299387621985	0.00238400880249404
mactivos_margen_tend6	0.000288254065969994	0.00147824684338325	0.00284247203374289
ccaja_seguridad_avg6	0.000285889801448944	0.00237826088166395	0.00128369704749679
ctarjeta_visa_transacciones_tend6	0.000285028287869527	0.00135995511076632	0.00238400880249404
mrentabilidad_lag2	0.000283150268057818	0.000223277644386095	0.00128369704749679
mcuenta_corriente_min6	0.000281066439473083	0.0011578622949255	0.00275077938749312
Visa_cconsumos_delta2	0.000281014132513257	0.00250353603788287	0.00210893086374473
cliente_edad	0.000280390909232677	0.00286682332920231	0.00284247203374289
Master_fechaalta_lag1	0.000277243694183556	0.00340970188596257	0.00330093526499175
vm_Fvencimiento	0.000276475366007527	0.00168335692468875	0.00256739409499358
mcaja_ahorro_delta1	0.000276038393886215	0.0014281900894728	0.00229231615624427
vm_status04	0.00027275719600973	0.000998112481886678	0.000825233816247937
mcaja_ahorro_avg6	0.000271000078818819	0.000872858649098605	0.00210893086374473
mrentabilidad_min6	0.00027037143217807	0.00109153043242201	0.0022006235099945
cliente_edad_avg6	0.000269907229947342	0.00349621104490387	0.00320924261874198
ccallcenter_transacciones_delta1	0.00026435920063791	0.00365434560805613	0.00256739409499358
ctarjeta_visa_transacciones_min6	0.000259394489391024	0.00129361791740512	0.0015587749862461
mautoservicio_max6	0.000257633047853831	0.0020465109445654	0.00238400880249404
Visa_cconsumos_lag2	0.000252721694246233	0.00116796427028869	0.00201723821749496
vmr_mpagominimo_lag2	0.000252372648782512	0.000810178424127454	0.00247570144874381
mpayroll_max6	0.00024713045614007	0.0064034316138435	0.00311754997249221
Master_mfinanciacion_limite_delta2	0.000245757532850005	0.00124025070085586	0.00293416467999266
vm_Fvencimiento_lag1	0.000244568837606582	0.00230908234114255	0.00265908674124335
mrentabilidad_annual_tend6	0.000244336978955709	0.00275787659015354	0.00265908674124335
vm_Finiciomora_lag1	0.000240428122520897	0.00615506162220964	0.00229231615624427
vm_cconsumos_delta2	0.000239780547406279	0.00239671098020325	0.00201723821749496
vm_fechaalta_lag2	0.000239626534515964	0.000631328147908528	0.0015587749862461
mv_status07_delta2	0.000239457053024989	0.0019627525082032	0.00100861910874748
vm_mpagominimo_lag1	0.000238347654367235	0.000333940919617948	0.00119200440124702
matm	0.000238329565803042	0.000120237495681605	0.000550155877498625
mextraccion_autoservicio_delta2	0.000237996287860666	0.00430687457708307	0.00293416467999266
mcuenta_corriente_lag2	0.000237748440617883	0.0022614031497714	0.00229231615624427
cproductos_lag2	0.000236708939084915	0.000419378576159251	0.000458463231248854
vm_status01_delta2	0.000235167765048879	0.000611758569249819	0.000366770584999083
mprestamos_personales_tend6	0.000234036904717977	0.00273036936436249	0.00165046763249587
Visa_Fvencimiento_lag1	0.000233639043862344	0.000695447704461769	0.00165046763249587
vm_cconsumos_lag2	0.000232403821584694	0.00244268429710674	0.00192554557124519
vm_fechaalta	0.000231758992816244	0.000868977784684674	0.00192554557124519
mautoservicio_min6	0.000229725500573065	0.00211944773977337	0.0015587749862461
vmr_msaldopesos	0.000227134610593083	0.000966521819088665	0.000916926462497708
chomebanking_transacciones_delta2	0.000224634170565376	0.00426276172952087	0.00293416467999266
vm_mpagospesos_delta2	0.000224327036594502	0.00111162243513644	0.00183385292499542
Visa_mpagominimo_lag2	0.000221951398428647	0.00149081167500912	0.00238400880249404
ccomisiones_otras_lag1	0.00022131019949626	0.00016394519805773	0.000641848523748395
mcomisiones_lag1	0.000220887934114142	0.000462633155629902	0.00128369704749679
Visa_Fvencimiento	0.000218070655989329	0.000255529333540327	0.00100861910874748
cplazo_fijo_tend6	0.000217358861460099	0.00674826880662364	0.00265908674124335
numero_de_cliente	0.000213171850117256	0.0040464355235905	0.00293416467999266
mactivos_margen_max6	0.000211508230522575	0.00041586554092741	0.00146708233999633
mrentabilidad_delta2	0.000211475732753228	0.00160748282688177	0.00247570144874381
mrentabilidad_delta1	0.000209354393485403	0.00107605495248569	0.0022006235099945
Master_fechaalta_lag2	0.000209135229158065	0.00148967087145887	0.0022006235099945
vm_status02	0.000208488416895371	0.000347737179375163	0.000366770584999083
mtarjeta_visa_descuentos_delta2	0.00020788781491795	0.00645447457643057	0.00275077938749312
vm_status03	0.000207134280443464	9.60513942447868e-05	0.000275077938749312
mcaja_ahorro_dolares_avg6	0.000204549902140575	0.00113000856338321	0.00210893086374473
mcuenta_corriente_delta1	0.00020335046991973	0.00246480735660923	0.00265908674124335
mtarjeta_master_consumo_max6	0.000201191657606277	0.00347124663824118	0.00183385292499542
matm_delta2	0.000200448272370532	0.00566692031243048	0.00284247203374289
mautoservicio_tend6	0.000199981894100229	0.00117831679596431	0.00229231615624427
mttarjeta_visa_debitos_automaticos_max6	0.000199740710867215	0.00123035129808571	0.0015587749862461
ccallcenter_transacciones_lag1	0.000198873456584397	0.00361937518146906	0.00174216027874564
mcaja_ahorro_dolares_delta1	0.000198189990386103	0.000454711501070697	0.00128369704749679
chomebanking_transacciones	0.000197166079082226	0.000967763908935431	0.00229231615624427
Master_Fvencimiento_lag2	0.000194661174459169	0.000798988953791134	0.00247570144874381
vm_status06_delta1	0.000194369368047519	0.00154219581248972	0.000550155877498625
mpasivos_margen_delta2	0.000194192473165099	0.00115422131910859	0.0022006235099945
Master_mfinanciacion_limite_delta1	0.000192672064707257	0.000878802555446864	0.00229231615624427
chomebanking_transacciones_lag2	0.000191834051562873	0.00110607834311654	0.00210893086374473
ctarjeta_visa_avg6	0.000190986589038446	0.000893051938109552	0.000550155877498625
chomebanking_transacciones_delta1	0.000190869434712671	0.00141037436300115	0.00238400880249404
Visa_cconsumos_lag1	0.000189942572198601	0.000667028902002064	0.00174216027874564
vm_cconsumos_lag1	0.000189816419349959	0.00108042092495136	0.00174216027874564
cproductos_avg6	0.000189563240067374	0.00156330067816933	0.00137538969374656
mpasivos_margen_delta1	0.000185559187992524	0.00194673861163803	0.00256739409499358
ctarjeta_master_transacciones	0.000184444207699169	0.000238289339701519	0.000366770584999083
mtarjeta_visa_consumo_delta1	0.000184275050682734	0.000563962099009018	0.0015587749862461
vm_Fvencimiento_lag2	0.0001828718789569	0.000925442229564282	0.00165046763249587
chomebanking_transacciones_lag1	0.000181834331798665	0.00044803726721597	0.00174216027874564
Visa_mpagominimo_delta2	0.000181621546624936	0.000714873349962269	0.00210893086374473
Master_fultimo_cierre_lag1	0.000181056138051503	0.00110234141186082	0.0015587749862461
mautoservicio_avg6	0.000180993836760805	0.000960940411064784	0.00174216027874564
mcomisiones_otras_delta2	0.000177695365468316	0.000557783634921455	0.00174216027874564
mtransferencias_recibidas_lag2	0.000176478469068961	0.000683682501492614	0.00146708233999633
mrentabilidad	0.000175245149662148	0.00100069261701902	0.00183385292499542
ctarjeta_visa_debitos_automaticos_avg6	0.000174900877817149	0.00169268059482606	0.00119200440124702
ccajas_otras_delta1	0.000174375680117559	0.00393209395653775	0.00137538969374656
vmr_msaldototal_delta2	0.000174263422029394	0.00141007583496931	0.00183385292499542
Visa_mpagospesos	0.000173407144415205	0.00171707459971362	0.00174216027874564
ccomisiones_otras_lag2	0.000172827195103593	0.000541423232605036	0.00183385292499542
vm_status05	0.000172668923237325	0.000490828062065726	0.000550155877498625
cliente_antiguedad	0.000172087729116183	0.000933518478997119	0.00165046763249587
vmr_mpagominimo_delta1	0.000171778447829061	0.00273787521202021	0.00165046763249587
cliente_edad_max6	0.000170927597734971	0.00114047303707077	0.00183385292499542
ctarjeta_visa_transacciones_max6	0.000167986674803123	0.00118994872749068	0.00174216027874564
azar_sampling	0.000167787858278152	0.00151815897506883	0.00229231615624427
mttarjeta_visa_debitos_automaticos_delta2	0.000167783788281876	0.00101568831976131	0.00146708233999633
cliente_edad_min6	0.000167653387154244	0.000589086431403051	0.00183385292499542
mcuentas_saldo_delta1	0.000167358025389088	0.0016858517660977	0.0015587749862461
ccomisiones_mantenimiento	0.000166477567884633	0.000436911767172188	0.000641848523748395
Visa_mlimitecompra_delta2	0.000165917025636932	0.00165893626551262	0.0022006235099945
cseguro_accidentes_personales_avg6	0.000165285063730065	0.0031892762504521	0.00238400880249404
mcuenta_corriente_delta2	0.000163084394795223	0.00282967258181126	0.00210893086374473
vmr_msaldopesos2	0.00016300780988964	0.000369908216597056	0.00100861910874748
Master_Fvencimiento	0.000162181620851051	0.000592754061508524	0.00146708233999633
ccajas_consultas_delta1	0.000161577667554785	0.00200574054478828	0.000916926462497708
Visa_mfinanciacion_limite	0.000160550320544912	0.00039584817022094	0.0015587749862461
cliente_antiguedad_lag1	0.000159802096122024	0.000531001405779164	0.00165046763249587
ccajas_consultas_delta2	0.000159635431894119	0.00540849099229513	0.00201723821749496
Master_Fvencimiento_lag1	0.000159533157836047	0.000560523695785137	0.00165046763249587
cprestamos_personales_max6	0.000159472925219111	0.000704216965397094	0.000733541169998166
mrentabilidad_annual_delta2	0.000158822403685501	0.00126526308523795	0.00165046763249587
mpayroll_delta2	0.00015627249495878	0.00358453802632478	0.00192554557124519
mcuenta_debitos_automaticos_lag2	0.000155980837908427	0.000330886338149291	0.000641848523748395
ccajas_transacciones	0.000154327747888944	0.000479531974575178	0.000550155877498625
vmr_msaldopesos_delta1	0.000153876748879854	0.00111036968357425	0.00128369704749679
Master_msaldototal_delta2	0.000152846335209202	0.00258287519320228	0.00137538969374656
mcaja_ahorro_dolares_max6	0.00015175918167808	0.000632346341731414	0.00146708233999633
ctarjeta_visa_transacciones_avg6	0.000151652246121305	0.000700304115836894	0.00100861910874748
Master_msaldototal	0.000147504449250024	0.000638503482388131	0.000825233816247937
ctarjeta_debito_transacciones_delta2	0.00014730412861322	0.00291306851984908	0.00183385292499542
Master_mlimitecompra_delta2	0.000146808828528636	0.00117107749119217	0.00165046763249587
vmr_msaldopesos_lag1	0.000146597859857674	0.00152815966413549	0.0015587749862461
vm_mpagospesos	0.000145897520587114	0.000625373579844846	0.000641848523748395
Visa_mpagospesos_lag2	0.000145794499722561	0.000313203883120433	0.00165046763249587
vm_status04_delta1	0.000145433179692052	0.0014001497779106	0.000550155877498625
cliente_antiguedad_lag2	0.000144657188726871	0.000455601754308509	0.00165046763249587
mcaja_ahorro_dolares_min6	0.00014442313482151	0.000498568467462742	0.00165046763249587
ccuenta_debitos_automaticos_lag1	0.000144373837670085	0.00047987314946871	0.000641848523748395
Visa_msaldototal_lag2	0.000144222118684028	0.000229226881592065	0.00100861910874748
Master_mconsumototal	0.000143731655013299	0.000648413546873704	0.000733541169998166
vmr_mpagospesos_delta2	0.000142415959484066	0.000651420150622958	0.00146708233999633
mtarjeta_visa_consumo_avg6	0.000141883200418379	0.000228038100322414	0.000641848523748395
vmr_Master_mlimitecompra	0.000141646305082735	0.00113527545080212	0.00165046763249587
mttarjeta_visa_debitos_automaticos_delta1	0.000141047936987724	0.00111517811722997	0.00146708233999633
cmobile_app_trx_lag1	0.000138973108906775	0.00331272292247599	0.00192554557124519
mcomisiones_otras	0.000138476584614219	0.000325240959832872	0.00119200440124702
Visa_mfinanciacion_limite_lag2	0.000138128913908318	0.000362748874690588	0.0015587749862461
Visa_mfinanciacion_limite_delta2	0.000137775471992862	0.000812710581540389	0.0015587749862461
ccaja_ahorro_avg6	0.000136565733050211	0.000902716783140399	0.000733541169998166
mcuenta_debitos_automaticos_avg6	0.000135355363382935	0.00100087386618121	0.00110031175499725
ccuenta_debitos_automaticos	0.000135248746357942	0.00358744334377751	0.00146708233999633
mtransferencias_emitidas_delta1	0.000134259798671443	0.00222573438082413	0.00174216027874564
matm_other_delta2	0.000133938952580828	0.00707912849048437	0.00265908674124335
mcaja_ahorro_dolares	0.000133785875674764	0.000529018326710507	0.00128369704749679
Visa_mconsumospesos_delta2	0.000133623684956344	0.000561152736995087	0.00146708233999633
Visa_mpagospesos_delta1	0.000133170522981745	0.000854104691669747	0.0015587749862461
vm_msaldototal_lag2	0.000133134218678355	0.000741751534543366	0.000916926462497708
vmr_mpagospesos_lag1	0.000132771920470021	0.000763453456286652	0.00128369704749679
ccaja_seguridad_lag2	0.000132736612172729	0.000397175553791089	0.000366770584999083
ccaja_seguridad_min6	0.000131751341071982	0.000938833344135428	0.000641848523748395
ccaja_ahorro_max6	0.000131156251596088	0.000827962165452829	0.000916926462497708
ctarjeta_master_min6	0.000130322507332251	0.000127887276497527	0.000275077938749312
mcaja_ahorro_dolares_delta2	0.000130216938609619	0.000721494275239881	0.00119200440124702
Master_mfinanciacion_limite_lag1	0.000129550248418556	0.000284726441225902	0.00137538969374656
ctransferencias_recibidas_lag1	0.000129253298154415	0.00188786994993056	0.00183385292499542
mtransferencias_emitidas_lag1	0.000128618952211474	0.000944014937830951	0.00128369704749679
mtarjeta_visa_consumo_delta2	0.000128036492679245	0.000593153875836882	0.00110031175499725
mprestamos_personales_delta1	0.000127838888872915	0.00438773835770795	0.00174216027874564
matm_lag2	0.000126185964854449	0.00069674310288565	0.00128369704749679
cprestamos_personales_lag2	0.000124589640447385	0.000747167685978193	0.000550155877498625
ccaja_ahorro_lag1	0.000124347622851268	0.000402021303450791	0.000458463231248854
ctarjeta_debito_transacciones_tend6	0.000124002560223385	0.00092931243226279	0.00119200440124702
vmr_mpagospesos_lag2	0.000123913738784659	0.000365376987542329	0.00146708233999633
thomebanking	0.000123038761888933	0.00112733780366978	0.00110031175499725
vmr_msaldopesos_delta2	0.000123016845396772	0.00086357229496527	0.00110031175499725
ccaja_ahorro_min6	0.000122863184911956	0.002915360788665	0.00128369704749679
Master_mpagospesos	0.000122058878689905	0.00117228226503496	0.000916926462497708
tcallcenter	0.000121643276921372	0.000386775050396063	0.000550155877498625
mtransferencias_emitidas	0.000121315289419498	0.000554286592262748	0.00119200440124702
Master_mfinanciacion_limite	0.000121020757659422	0.000295110952047794	0.00110031175499725
tcallcenter_delta2	0.000120499692355059	0.00074867098785282	0.000916926462497708
ctransferencias_emitidas	0.000119726606803845	0.00544156896439464	0.0022006235099945
Visa_msaldopesos_delta1	0.000118629804216041	0.000212424018085596	0.00119200440124702
ctransferencias_recibidas_lag2	0.000118603681440373	0.000602040415641858	0.00128369704749679
mtarjeta_visa_consumo_lag1	0.00011819005246912	9.28368870447865e-05	0.000366770584999083
mttarjeta_visa_debitos_automaticos_lag2	0.00011763497636944	0.000526374221285631	0.00100861910874748
Visa_mlimitecompra_lag2	0.000117514965558398	0.000229082948433856	0.00110031175499725
mtarjeta_master_consumo_tend6	0.00011739358355519	0.00393212594168402	0.00192554557124519
vm_msaldopesos_delta2	0.000117314131269285	0.000465149320469704	0.00119200440124702
vmr_msaldototal_lag2	0.000116311292586055	0.000579101734909517	0.00128369704749679
ctarjeta_debito_transacciones_max6	0.000116104209289713	0.000442013398002039	0.00119200440124702
mcuenta_debitos_automaticos_max6	0.000114714873094877	0.000175779702177134	0.000916926462497708
mcomisiones_delta1	0.000114439705214678	0.000224375801074652	0.00137538969374656
ccomisiones_mantenimiento_lag2	0.00011388793645744	0.000143602645030862	0.000275077938749312
ctarjeta_visa_min6	0.000113772072898516	6.37037496517484e-05	0.000183385292499542
cprestamos_personales_delta2	0.000113677499861334	0.0013082831069693	0.00119200440124702
vm_msaldopesos_lag2	0.000113497162933977	0.00145165119426086	0.00128369704749679
cliente_edad_tend6	0.000112656085902101	0.00312460228469687	0.00174216027874564
Visa_mconsumospesos_lag1	0.000112616341138509	0.00106141641721007	0.00137538969374656
mpagomiscuentas_lag1	0.000112599947250561	0.000312644143060731	0.000641848523748395
Visa_mlimitecompra_delta1	0.000112267623318799	0.00101616276609763	0.0015587749862461
Visa_msaldopesos_delta2	0.000111961563996508	0.000300473794905506	0.00110031175499725
mautoservicio_lag2	0.000111301444910111	0.000806110979693622	0.00100861910874748
mcaja_ahorro_delta2	0.000110248073774339	0.000354070238336358	0.00100861910874748
mautoservicio_delta1	0.000109801758846429	0.00336456018286207	0.00174216027874564
vmr_Master_mlimitecompra_lag1	0.000109772371119987	0.000834748347319496	0.00137538969374656
Master_mlimitecompra_lag2	0.000109536314505468	0.000483508794427915	0.00128369704749679
ctarjeta_debito_avg6	0.000109384873244261	0.0005902272349533	0.00119200440124702
ccajas_transacciones_delta2	0.000109015529303057	0.00131538380944094	0.000916926462497708
vm_mpagominimo_delta2	0.000108628403642021	0.00113594713887376	0.00119200440124702
Master_mconsumospesos_delta1	0.000108116700755353	0.000453117574614976	0.000641848523748395
Visa_mconsumototal_delta1	0.000108074098714126	0.000193760685237833	0.00110031175499725
vm_mfinanciacion_limite_delta2	0.00010729152832442	0.000747327611709536	0.00137538969374656
Visa_mlimitecompra_lag1	0.00010702708553613	0.000251211338794058	0.00110031175499725
vmr_Master_mlimitecompra_lag2	0.000106904700197425	0.00102389250977922	0.00119200440124702
vmr_msaldopesos2_delta1	0.000106772935207028	0.000364166882841832	0.00119200440124702
Master_msaldototal_lag1	0.000106705878522064	0.0019594900232838	0.00137538969374656
Visa_status_delta1	0.000106236447655509	9.72881532338417e-06	9.16926462497708e-05
vm_status05_delta1	0.000105524505349718	0.000942421011375229	0.000366770584999083
ctarjeta_visa_delta1	0.0001053480973772	0.00102813054165982	0.000366770584999083
Visa_mconsumospesos_lag2	0.000105204019984462	0.000315181631331378	0.00110031175499725
cliente_antiguedad_max6	0.000104949460397485	0.000385911451446809	0.00119200440124702
vm_fechaalta_delta2	0.000104822533801862	0.00115284062696132	0.00110031175499725
vm_mconsumospesos	0.000104802019206111	0.000584405938332403	0.00100861910874748
vm_status01_delta1	0.000104617064954545	0.000670856457838881	0.000366770584999083
vm_mpagospesos_lag2	0.000104596618700501	0.000457755420823932	0.00110031175499725
Master_mfinanciacion_limite_lag2	0.000104389651486016	0.000355594863641831	0.00119200440124702
vmr_msaldopesos_lag2	0.000104281526981628	0.000648045717691615	0.00119200440124702
Master_msaldopesos	0.000103997439815324	0.000618662029986139	0.00100861910874748
vm_mpagado_delta1	0.000103943307240504	0.00109914289723395	0.00110031175499725
vmr_mconsumototal	0.000103313243450268	0.000192566573110469	0.000825233816247937
cpagomiscuentas_max6	0.000103154069077282	0.000389205921512481	0.00119200440124702
ctarjeta_visa_debitos_automaticos_max6	0.000102543122740594	0.000893393113003085	0.00100861910874748
mtarjeta_visa_descuentos	0.00010234986348592	0.00620250625584149	0.00201723821749496
mplazo_fijo_dolares_delta1	0.000102022946274607	0.00541649794057772	0.00183385292499542
Visa_mpagospesos_delta2	0.000101870202559126	0.000460346217671693	0.00100861910874748
cmobile_app_trx	0.000101721832910995	0.00353231694418348	0.00165046763249587
vm_status05_delta2	0.000101058271383476	0.000572363530762253	0.000275077938749312
vm_mfinanciacion_limite_lag2	0.00010086811622895	0.000566142419812999	0.000916926462497708
Master_mlimitecompra	0.000100573168079691	0.000353030721082626	0.00110031175499725
ctarjeta_master_avg6	9.98003148902817e-05	5.75359472796084e-05	0.000183385292499542
mtransferencias_emitidas_lag2	9.81198414382501e-05	0.000618710007705542	0.00110031175499725
Visa_status_delta2	9.75468356440845e-05	0.000562890596609018	0.000366770584999083
Master_mlimitecompra_lag1	9.70012738985914e-05	0.000453197537480648	0.000916926462497708
vmr_mconsumototal_delta1	9.63347948734995e-05	0.000428297101110496	0.00119200440124702
mtransferencias_emitidas_delta2	9.58275147847895e-05	0.00117231425018123	0.00100861910874748
Visa_mconsumosdolares	9.57457198640179e-05	0.000611678606384148	0.000916926462497708
Visa_mconsumospesos_delta1	9.56112554752348e-05	0.000271980360437841	0.00110031175499725
cliente_antiguedad_min6	9.56098787364965e-05	0.000480400904382143	0.00110031175499725
Visa_msaldototal_delta1	9.54102226980331e-05	0.000403892434507508	0.00100861910874748
vm_mpagospesos_delta1	9.47357568054323e-05	0.00135637810524194	0.00119200440124702
Visa_mpagado_lag2	9.45625862489141e-05	0.000803530844561284	0.00119200440124702
ccaja_ahorro_lag2	9.37807527610936e-05	0.000536556159514488	0.000366770584999083
vmr_Visa_mlimitecompra_lag1	9.35321422702011e-05	0.000316087877142324	0.00100861910874748
Master_cconsumos	9.34506381483456e-05	0.000458016632851792	0.000550155877498625
vm_mlimitecompra_delta2	9.33614528147903e-05	0.000731063164831922	0.00100861910874748
Visa_msaldototal_delta2	9.33474611873716e-05	0.000362311744358249	0.00100861910874748
Visa_msaldopesos_lag2	9.29856677172107e-05	0.0002385132357254	0.000825233816247937
vm_msaldopesos_lag1	9.27454444375667e-05	0.000746853165373218	0.000641848523748395
Master_fultimo_cierre	9.18658676497204e-05	0.000342934076577153	0.000825233816247937
Visa_mpagominimo_lag1	9.16747854250798e-05	0.000471279806837864	0.00100861910874748
ccaja_seguridad_lag1	9.15786538007914e-05	0.000379546407339346	0.000275077938749312
vmr_mpagospesos	9.12963346047376e-05	0.00155730879410167	0.00146708233999633
ctarjeta_visa_debitos_automaticos_lag2	9.11766999702223e-05	0.000633268580115494	0.000916926462497708
Visa_mconsumospesos	9.09388530010681e-05	0.000556040444449813	0.00110031175499725
cproductos_lag1	9.08818401699524e-05	0.000684151616971221	0.000825233816247937
cpagomiscuentas_avg6	9.05801977028628e-05	0.000439006794252785	0.00100861910874748
Visa_cconsumos_delta1	8.9528767867757e-05	0.000632271709723454	0.000916926462497708
vm_mconsumototal	8.93681121635073e-05	0.000947661244505578	0.000916926462497708
Visa_mconsumosdolares_lag2	8.8900879126636e-05	0.00101500596997424	0.00110031175499725
cprestamos_personales_lag1	8.8205151435619e-05	0.00314757295057548	0.00146708233999633
Visa_msaldopesos_lag1	8.74963960323921e-05	0.00062701548401997	0.000916926462497708
vm_mconsumospesos_delta2	8.74779263393739e-05	0.000379887582232878	0.00100861910874748
cseguro_vivienda_min6	8.69541289514594e-05	0.000884064112008059	0.000916926462497708
Visa_fultimo_cierre_lag2	8.65447704454895e-05	0.000130318147613945	0.000825233816247937
vm_Fvencimiento_delta2	8.61056597239726e-05	0.00110279453476629	0.000825233816247937
mcomisiones_otras_lag1	8.60936375262713e-05	0.000469328712915475	0.000916926462497708
mextraccion_autoservicio_lag2	8.58606339041891e-05	0.000480187670073685	0.00100861910874748
matm_lag1	8.5232495567268e-05	0.000202028845548281	0.000916926462497708
tcallcenter_lag2	8.50614673747e-05	0.000448618330706518	0.000550155877498625
vm_mlimitecompra	8.4848052664898e-05	0.000264693077946298	0.000641848523748395
mcaja_ahorro_dolares_lag2	8.45406762295325e-05	0.000407831938356264	0.000916926462497708
vmr_mpagado_delta1	8.43024921079563e-05	0.00151448068324793	0.00119200440124702
Visa_mpagominimo_delta1	8.42689527713736e-05	0.000347470636489591	0.00100861910874748
mcheques_depositados_lag2	8.39356898839829e-05	0.00315740838305309	0.00110031175499725
ccheques_depositados_lag2	8.34006870312905e-05	0.00288549199290778	0.00100861910874748
catm_trx_delta2	8.30240703438946e-05	0.0005986126741334	0.000916926462497708
minversion2_min6	8.16819554954123e-05	0.00447572416423532	0.00146708233999633
matm_delta1	8.0127366081308e-05	0.000961020373930455	0.00100861910874748
mtarjeta_visa_consumo_lag2	8.00896117451753e-05	0.000156434019542306	0.000458463231248854
vm_msaldopesos_delta1	7.97646296936803e-05	0.00035699687921994	0.00100861910874748
vmr_msaldototal_delta1	7.97585316324834e-05	0.000488525131534383	0.000733541169998166
mpayroll_sobre_edad_delta2	7.95492312915437e-05	0.00108058618154042	0.000825233816247937
vmr_msaldopesos2_delta2	7.95310389271922e-05	0.000798898329210039	0.00110031175499725
vmr_msaldopesos2_lag2	7.92997539504759e-05	0.000613411135140367	0.000733541169998166
ctarjeta_master_transacciones_tend6	7.92066796766458e-05	0.00221913477897736	0.00110031175499725
vm_cconsumos	7.91409717994616e-05	0.000857905593218006	0.000733541169998166
vmr_Visa_mlimitecompra	7.89536382660271e-05	0.000448911527880647	0.000825233816247937
mtransferencias_recibidas_lag1	7.88389478073633e-05	0.000210105094981118	0.000916926462497708
ctarjeta_visa_debitos_automaticos_delta2	7.84893076717447e-05	0.00106350078257524	0.000825233816247937
mplazo_fijo_dolares_min6	7.84495256668747e-05	0.00240504844166395	0.00110031175499725
Visa_mfinanciacion_limite_lag1	7.82900470247232e-05	0.00024276192932142	0.000916926462497708
ctransferencias_recibidas	7.7872829420523e-05	0.000250880825615948	0.000733541169998166
Master_mlimitecompra_delta1	7.77992929512617e-05	0.00037243504315228	0.00110031175499725
mextraccion_autoservicio_delta1	7.74257950228148e-05	0.000671533476768234	0.000916926462497708
cseguro_vivienda_avg6	7.73036155015987e-05	0.000927025494304581	0.000825233816247937
cextraccion_autoservicio_delta2	7.70445925078232e-05	0.000864846369958305	0.000916926462497708
vm_mconsumototal_lag1	7.68983404621541e-05	0.000220905412704502	0.000825233816247937
mrentabilidad_lag1	7.64305999138227e-05	0.000351100950591084	0.00110031175499725
mttarjeta_visa_debitos_automaticos_min6	7.62296281489277e-05	0.000222771212903507	0.000550155877498625
foto_mes	7.62206866765296e-05	0.000727320902718489	0.000916926462497708
cliente_antiguedad_avg6	7.61512273348526e-05	0.000244046666029878	0.000825233816247937
Visa_fultimo_cierre	7.58278644865872e-05	0.000445872938985124	0.00110031175499725
Visa_Fvencimiento_lag2	7.5155053255667e-05	0.000237340447028882	0.000916926462497708
ctarjeta_debito_transacciones_lag2	7.45926873738912e-05	0.00064743799991251	0.000916926462497708
cdescubierto_preacordado_lag1	7.44105680155744e-05	0.000189064199594051	0.000458463231248854
cdescubierto_preacordado_delta2	7.35343740431861e-05	0.00403195158318851	0.00137538969374656
vmr_mconsumospesos_lag2	7.34853409482708e-05	0.000321599984015956	0.000733541169998166
Visa_mfinanciacion_limite_delta1	7.34023820394666e-05	0.000170917959944298	0.000916926462497708
mcuenta_debitos_automaticos_delta2	7.32540448784078e-05	0.000515909747598067	0.000916926462497708
Visa_mpagospesos_lag1	7.32007007093687e-05	0.00012963579782688	0.000825233816247937
mtarjeta_master_consumo_avg6	7.23574551654111e-05	0.000642474971383156	0.000641848523748395
ctarjeta_debito_transacciones_avg6	7.11702079738126e-05	0.00025254938407963	0.000733541169998166
cproductos_max6	7.09373037938665e-05	0.000795993011757303	0.000825233816247937
cmobile_app_trx_lag2	7.08157767873848e-05	0.00177772376789672	0.00110031175499725
Master_mpagospesos_delta1	6.99349401350241e-05	0.00114009454617326	0.000916926462497708
vm_msaldototal_lag1	6.97516342061977e-05	0.000158545039196038	0.000458463231248854
ctarjeta_visa_transacciones_lag2	6.94901948873676e-05	0.000234472445580126	0.000641848523748395
Visa_mconsumototal	6.93754295499638e-05	0.000226300240708483	0.000733541169998166
Master_cconsumos_lag2	6.93264489494033e-05	0.000885444804155323	0.000916926462497708
vm_mpagado	6.91207376375944e-05	0.000528666490101552	0.000825233816247937
cpagomiscuentas_delta2	6.8719812300195e-05	0.00176919439555841	0.00100861910874748
mautoservicio_delta2	6.845260375273e-05	0.000676869665337389	0.000825233816247937
Master_mconsumospesos_lag2	6.81378210572284e-05	0.000829934582806063	0.000825233816247937
mautoservicio_lag1	6.76519459873818e-05	0.000758197230583169	0.000825233816247937
Visa_cconsumos	6.74418683338077e-05	0.000327469258356255	0.000641848523748395
Master_fultimo_cierre_delta1	6.7283153534041e-05	0.000454199738730399	0.000733541169998166
Visa_mpagado_delta1	6.72210691539791e-05	0.000687120904716495	0.000916926462497708
vmr_msaldopesos2_lag1	6.72192506702932e-05	0.000135291837858722	0.000641848523748395
mcaja_ahorro_dolares_lag1	6.64988011095593e-05	0.000374396798790091	0.000733541169998166
Visa_mlimitecompra	6.6310389559979e-05	0.000539626733556279	0.000825233816247937
vm_mpagospesos_lag1	6.61078374178676e-05	0.000657460012410024	0.000825233816247937
vm_mconsumospesos_lag2	6.57046486823642e-05	0.000443761919331393	0.000825233816247937
mpagomiscuentas	6.54619294447199e-05	0.000327853080111479	0.000825233816247937
ctransferencias_emitidas_delta2	6.45068610205122e-05	0.00205141533365993	0.00100861910874748
Visa_mconsumototal_delta2	6.40675209085695e-05	0.000415289808294574	0.000916926462497708
vmr_mconsumospesos_delta1	6.3723566406802e-05	0.000293980810212968	0.000825233816247937
mtransferencias_recibidas_delta1	6.36294880051066e-05	0.000540612942232896	0.00100861910874748
Visa_Finiciomora_lag1	6.34829128715408e-05	0.00221120246270273	0.000733541169998166
vm_msaldototal_delta1	6.24360502433917e-05	6.40982331223952e-05	0.000366770584999083
vmr_mconsumospesos	6.1833560846302e-05	0.000497262407323438	0.000825233816247937
vm_msaldototal_delta2	6.18226138914598e-05	0.000136448633982105	0.000641848523748395
cseguro_accidentes_personales_tend6	6.17951339881526e-05	0.00266932571270876	0.00100861910874748
ctarjeta_debito_tend6	6.12699703603707e-05	0.00210016069657337	0.000916926462497708
Master_madelantodolares	6.12466383034577e-05	2.24269183920423e-05	9.16926462497708e-05
Master_fultimo_cierre_lag2	5.99013581444289e-05	0.000170901967371163	0.000550155877498625
cplazo_fijo_delta2	5.93336326880772e-05	0.00183022205463901	0.000733541169998166
mpagomiscuentas_delta2	5.89184407716953e-05	0.000618747323709522	0.000825233816247937
vm_mfinanciacion_limite_lag1	5.88962152561624e-05	0.000241594471482614	0.000641848523748395
mpayroll_sobre_edad_delta1	5.70551399808791e-05	0.000583584986244841	0.000641848523748395
cdescubierto_preacordado_lag2	5.68882503243859e-05	0.000192337346228877	0.000275077938749312
cpayroll_trx_tend6	5.56465207276634e-05	0.000437999262145322	0.000641848523748395
ctarjeta_visa_transacciones_lag1	5.53494965752418e-05	0.000129321277221905	0.000733541169998166
cextraccion_autoservicio_lag2	5.52685356213893e-05	0.000905590115446867	0.000733541169998166
Master_mconsumospesos_lag1	5.47777407409954e-05	0.00013643264140897	0.000366770584999083
vm_mconsumototal_delta2	5.47375978126749e-05	0.000108152441249763	0.000550155877498625
mpayroll_delta1	5.444965538172e-05	0.00108556520264291	0.000641848523748395
Visa_mpagado_delta2	5.42886126058884e-05	0.000421857424995072	0.000733541169998166
cseguro_accidentes_personales_max6	5.42160071685796e-05	0.000140329498396036	0.000550155877498625
vmr_mpagado_delta2	5.42147766216671e-05	0.000169905096979123	0.000458463231248854
cpagomiscuentas	5.41048451229238e-05	0.000898478751259802	0.000733541169998166
mcheques_depositados_lag1	5.40834916079558e-05	0.00217549104689377	0.000825233816247937
mcomisiones_otras_delta1	5.3508291351669e-05	0.000127279558718422	0.000641848523748395
Visa_mpagosdolares_lag2	5.32249347483099e-05	0.000899491614224976	0.000733541169998166
Master_msaldopesos_delta2	5.28859487876981e-05	0.00049405323098115	0.000733541169998166
cseguro_vivienda_lag2	5.26788559829453e-05	0.000496473440382145	0.000550155877498625
ctarjeta_debito_transacciones_delta1	5.2375458817763e-05	0.000738766254224958	0.000641848523748395
vm_mpagado_lag2	5.23282099366341e-05	0.000166306768023899	0.000550155877498625
vmr_mpagospesos_delta1	5.01031382581342e-05	0.000210723474475645	0.000641848523748395
vm_fultimo_cierre_lag1	4.99561786281812e-05	0.000248423300210973	0.000641848523748395
ccallcenter_transacciones_lag2	4.99029735196593e-05	0.000381993271028898	0.000458463231248854
vm_mconsumototal_lag2	4.97889977765879e-05	0.000271745802698538	0.000550155877498625
mcomisiones_mantenimiento_lag2	4.96309933343919e-05	0.000143666615323399	0.000550155877498625
mplazo_fijo_dolares_avg6	4.92482484758296e-05	0.00120586133775934	0.000733541169998166
vm_status02_delta1	4.91606518393507e-05	3.42614225114466e-05	9.16926462497708e-05
ctarjeta_debito_min6	4.90496130068596e-05	0.000287679736398042	0.000458463231248854
mttarjeta_master_debitos_automaticos_delta2	4.85078463060784e-05	0.00209091698930173	0.000916926462497708
mpagomiscuentas_lag2	4.83262823974626e-05	0.000556536214216977	0.000641848523748395
ccajas_otras	4.79257413583584e-05	0.00091080902514637	0.000366770584999083
vmr_Visa_mlimitecompra_lag2	4.75973073573307e-05	0.000359230508601035	0.000550155877498625
mpagomiscuentas_delta1	4.7543808280422e-05	0.000292818683231873	0.000550155877498625
catm_trx_lag2	4.70359525366368e-05	0.000121047786053745	0.000550155877498625
Master_fultimo_cierre_delta2	4.6073902165153e-05	0.000100779865034837	0.000275077938749312
Visa_mconsumosdolares_delta1	4.58298628430553e-05	9.35512219781199e-05	0.000458463231248854
Master_cconsumos_lag1	4.55393527448306e-05	0.00013074461623086	0.000550155877498625
vm_mlimitecompra_lag1	4.48935022183353e-05	0.000214796249767188	0.000550155877498625
Master_mpagominimo	4.47817340114509e-05	0.000666287912780174	0.000550155877498625
cpagomiscuentas_lag2	4.45863777558726e-05	0.000234696341604006	0.000550155877498625
Visa_mconsumototal_lag2	4.4524063985385e-05	9.29968127761298e-05	0.000458463231248854
tcallcenter_lag1	4.44632493744327e-05	0.000208004737042809	0.000458463231248854
vmr_mpagado	4.38873851140811e-05	0.000629974110049821	0.000550155877498625
vm_mlimitecompra_delta1	4.3347812875421e-05	5.99508258228923e-05	0.000550155877498625
Master_cconsumos_delta1	4.30557418129866e-05	8.21325247602082e-05	0.000366770584999083
vmr_mpagado_lag2	4.30192616039856e-05	9.94258271761305e-05	0.000458463231248854
cplazo_fijo_avg6	4.25945791044455e-05	0.000421191067781141	0.000550155877498625
mttarjeta_master_debitos_automaticos_delta1	4.21877040766859e-05	0.00102687779009763	0.000641848523748395
Visa_mpagado	4.19201859115737e-05	0.000137642746109468	0.000458463231248854
vm_mpagominimo_delta1	4.17768335352068e-05	3.88726144318451e-05	0.000458463231248854
mtransferencias_recibidas_delta2	4.16346051323077e-05	0.000343723043518446	0.000550155877498625
cpayroll_trx_delta2	4.08710404723139e-05	0.00051994520688563	0.000458463231248854
vmr_mconsumototal_lag2	4.08147399796878e-05	0.000272891937106498	0.000550155877498625
thomebanking_delta2	4.06447941612876e-05	0.000482735820059755	0.000458463231248854
Master_msaldototal_delta1	4.03906842429345e-05	0.000543342341381155	0.000550155877498625
vm_fultimo_cierre_lag2	4.02104027813103e-05	9.35938688398114e-05	0.000550155877498625
Visa_fultimo_cierre_lag1	3.98203859689235e-05	9.7869216724389e-05	0.000550155877498625
minversion2_avg6	3.97968475002457e-05	0.00170703659464298	0.000641848523748395
active_quarter_min6	3.9345153980937e-05	0.000142360555184095	0.000458463231248854
Visa_fultimo_cierre_delta2	3.91819932064594e-05	8.84016134288656e-05	0.000275077938749312
catm_trx	3.8981700500614e-05	0.000971975286527472	0.000550155877498625
Visa_msaldodolares_lag1	3.83024841660446e-05	0.000510040473257768	0.000458463231248854
ctarjeta_visa_delta2	3.79624237549412e-05	0.000521725713361252	0.000183385292499542
vm_status04_lag1	3.79177778014412e-05	0.000167719445317432	0.000183385292499542
Visa_mconsumototal_lag1	3.77367594379312e-05	0.000365206400095563	0.000458463231248854
vmr_mpagominimo_lag1	3.75786444604522e-05	0.000165437838216934	0.000458463231248854
vmr_mpagado_lag1	3.75636576193039e-05	0.000245096844999032	0.000275077938749312
vmr_Visa_mlimitecompra_delta2	3.75357480546552e-05	0.00028959351431645	0.000183385292499542
ccuenta_debitos_automaticos_max6	3.72469914659717e-05	0.000613810949468725	0.000550155877498625
vm_mfinanciacion_limite	3.69566085427499e-05	8.93131900975224e-05	0.000458463231248854
vm_fultimo_cierre_delta2	3.68753968045459e-05	0.000240149809042813	0.000458463231248854
Visa_fechaalta_delta2	3.67709203606765e-05	0.000258770495028885	0.000366770584999083
vm_cconsumos_delta1	3.66045298957834e-05	0.000782500610889639	0.000458463231248854
mttarjeta_visa_debitos_automaticos	3.64271774210633e-05	0.000152355913393052	0.000366770584999083
mcuenta_debitos_automaticos_delta1	3.59986436187104e-05	0.000320448518750284	0.000458463231248854
Master_mpagominimo_lag2	3.59685883225491e-05	0.000232281463060722	0.000458463231248854
Visa_mpagado_lag1	3.53035046568345e-05	0.000115722259200013	0.000458463231248854
cplazo_fijo_delta1	3.51061338065846e-05	0.00120234297166979	0.000458463231248854
vm_mfinanciacion_limite_delta1	3.48894026421127e-05	4.43633978746318e-05	0.000366770584999083
ctransferencias_emitidas_lag1	3.44831383316956e-05	0.000472266015514481	0.000458463231248854
cdescubierto_preacordado_delta1	3.42417972194329e-05	0.00253803734899133	0.000825233816247937
mtarjeta_master_consumo_min6	3.41317169536691e-05	9.24210801432939e-05	0.000275077938749312
mtarjeta_visa_descuentos_lag2	3.37342629788091e-05	0.000840223138189148	0.000458463231248854
mcomisiones_mantenimiento_lag1	3.34569941358678e-05	0.000322106415498543	0.000458463231248854
Master_mconsumototal_lag2	3.29781259728771e-05	0.000902620827701593	0.000550155877498625
ctransferencias_emitidas_lag2	3.2762870196912e-05	0.000102251181763195	0.000275077938749312
thomebanking_lag2	3.26845264333054e-05	0.000146065501293549	0.000366770584999083
Master_mpagospesos_delta2	3.26116428749623e-05	0.000375916093237853	0.000366770584999083
mplazo_fijo_dolares_lag1	3.25488845862403e-05	0.00102573165568967	0.000458463231248854
vmr_mpagominimo_delta2	3.24903634833616e-05	0.000206224230567187	0.000366770584999083
thomebanking_lag1	3.24466743137617e-05	9.2735600748269e-05	0.000366770584999083
ctarjeta_visa_debitos_automaticos_delta1	3.24358612690472e-05	0.000514401114865729	0.000366770584999083
vm_mconsumosdolares_lag1	3.21010998163968e-05	0.000163497406009968	0.000366770584999083
Master_mpagospesos_lag1	3.20654238605291e-05	0.000503520834276673	0.000458463231248854
cseguro_vivienda_lag1	3.19215655574374e-05	0.000287274591211972	0.000366770584999083
vm_mpagado_delta2	3.18756953959658e-05	0.000101963315446778	0.000366770584999083
ccajas_transacciones_delta1	3.16648507305364e-05	0.00028009925673237	0.000275077938749312
active_quarter_tend6	3.14301371791321e-05	0.00280201609200429	0.000916926462497708
cextraccion_autoservicio_lag1	3.13980530256819e-05	5.27168519084636e-05	0.000366770584999083
ctarjeta_debito	3.09184443951512e-05	4.0674444338313e-05	0.000275077938749312
vmr_mconsumospesos_delta2	3.07967933831371e-05	0.000286368345401027	0.000366770584999083
Visa_delinquency_lag1	3.06674405578651e-05	0.000189565300218927	0.000183385292499542
catm_trx_other_delta2	3.04102007874164e-05	0.00046173757153438	0.000366770584999083
thomebanking_delta1	3.02481045588351e-05	0.000455990906921444	0.000366770584999083
vmr_msaldodolares2_lag1	3.01480273399871e-05	0.00057124405064285	0.000366770584999083
Master_mconsumospesos	3.00641037236067e-05	0.000491750300449806	0.000366770584999083
Master_mpagospesos_lag2	3.00523338949921e-05	0.000157905336270664	0.000366770584999083
mpayroll_lag2	2.99471260958102e-05	0.000239899258730375	0.000366770584999083
Master_msaldopesos_lag1	2.99326618211068e-05	0.000321338771988096	0.000366770584999083
Visa_delinquency_lag2	2.96391827214132e-05	8.16687401393126e-06	9.16926462497708e-05
Visa_Finiciomora	2.96335834556326e-05	0.000644452719594102	0.000458463231248854
Master_mconsumosdolares_delta2	2.95487284111159e-05	3.01619929313466e-05	0.000183385292499542
cplazo_fijo_min6	2.92840982278835e-05	0.00058225227181698	0.000275077938749312
mforex_sell	2.90951062690222e-05	0.0015854610536758	0.000550155877498625
vm_fultimo_cierre	2.89385241267024e-05	0.00015940330728758	0.000366770584999083
mtarjeta_master_consumo_lag2	2.87373095011322e-05	0.000243257699088584	0.000275077938749312
ctarjeta_debito_transacciones_lag1	2.85201167825221e-05	0.000494580985894582	0.000366770584999083
ctarjeta_master_transacciones_lag2	2.8475123375821e-05	0.000195056083661713	0.000275077938749312
Master_mpagado_delta1	2.82137573509957e-05	0.000704494169998088	0.000458463231248854
Master_msaldopesos_lag2	2.8185941285726e-05	5.4188168636822e-05	0.000366770584999083
tcallcenter_delta1	2.79683737772321e-05	0.00033926644647168	0.000366770584999083
ctarjeta_debito_lag1	2.72092780706102e-05	0.000164606224413949	0.000275077938749312
Master_mpagominimo_delta2	2.70891036356544e-05	0.000360712487044816	0.000275077938749312
mplazo_fijo_dolares_tend6	2.67030066658795e-05	0.000328220909293569	0.000366770584999083
minversion2_tend6	2.64661057836625e-05	0.00193816659243803	0.000641848523748395
cextraccion_autoservicio	2.62111309960531e-05	0.00100465877515633	0.000458463231248854
cprestamos_prendarios_lag1	2.58385131899391e-05	0.00170570388021512	0.000550155877498625
vmr_mconsumosdolares_delta2	2.5641954318407e-05	0.000436234748242835	0.000366770584999083
mtarjeta_master_consumo_lag1	2.52982704101813e-05	0.00017125913483783	0.000183385292499542
ccuenta_debitos_automaticos_lag2	2.50999027614666e-05	0.00020523802189057	0.000275077938749312
mplazo_fijo_dolares	2.49801035125784e-05	0.000724223674388141	0.000366770584999083
matm_other	2.47887273195511e-05	0.000303805580975158	0.000275077938749312
vm_fechaalta_delta1	2.45737048958499e-05	3.04125432437845e-05	0.000275077938749312
ccajas_consultas_lag2	2.45041322456033e-05	0.000781637011940386	0.000366770584999083
vmr_mconsumototal_lag1	2.43628122921795e-05	0.000266169725532368	0.000366770584999083
cpagomiscuentas_lag1	2.4231169920672e-05	0.000277828311347295	0.000275077938749312
cseguro_vida	2.39895045319611e-05	0.000457510201369205	0.000275077938749312
vm_mconsumosdolares_delta1	2.35749167958888e-05	0.000350951686575164	0.000275077938749312
vmr_msaldodolares_lag1	2.3194580338705e-05	0.000377003588210987	0.000275077938749312
catm_trx_lag1	2.28888579707444e-05	5.65177534567227e-05	0.000275077938749312
mplazo_fijo_dolares_delta2	2.28796217375919e-05	0.000898617353560299	0.000458463231248854
vmr_mconsumototal_delta2	2.26138271701433e-05	3.8366182949258e-05	0.000275077938749312
cpagomiscuentas_delta1	2.25734497010075e-05	0.000515483278981152	0.000366770584999083
Master_fechaalta_delta1	2.25484156384486e-05	0.000115828876354242	0.000275077938749312
vm_mconsumosdolares_lag2	2.24049820444008e-05	0.000374098270758251	0.000275077938749312
vm_status03_delta2	2.23268308261257e-05	0.000257032635414954	9.16926462497708e-05
cextraccion_autoservicio_delta1	2.18567936002502e-05	0.00019286510114231	0.000275077938749312
mttarjeta_visa_debitos_automaticos_lag1	2.17787790653894e-05	0.000420306145401042	0.000275077938749312
vm_mlimitecompra_lag2	2.17750382978595e-05	9.21172212537416e-05	0.000275077938749312
ccajas_extracciones_delta2	2.15320068673733e-05	0.000610084679928426	0.000275077938749312
vmr_mconsumosdolares_delta1	2.14531746091295e-05	0.000283015235900529	0.000275077938749312
ctarjeta_master_transacciones_max6	2.13285062612218e-05	5.17679592358267e-05	0.000275077938749312
Visa_Fvencimiento_delta2	2.05298306034728e-05	2.55454701532367e-05	0.000183385292499542
ccuenta_debitos_automaticos_avg6	2.05269820418821e-05	6.45087091661763e-05	0.000183385292499542
ctarjeta_visa_debitos_automaticos	2.03431396801775e-05	4.82442622885626e-05	0.000275077938749312
ctransferencias_recibidas_delta2	2.0092070076379e-05	6.38050359482658e-05	0.000275077938749312
mttarjeta_master_debitos_automaticos_tend6	2.00235643491316e-05	0.000130909872819915	0.000275077938749312
vm_mpagado_lag1	1.95949235771501e-05	0.000120424075701506	0.000275077938749312
cpayroll_trx_lag2	1.95042466115518e-05	0.000336057270129391	0.000275077938749312
vm_msaldodolares_lag1	1.9358023091117e-05	0.000400683258165219	0.000275077938749312
cplazo_fijo_max6	1.93066796503162e-05	5.93111228975191e-05	0.000183385292499542
Visa_msaldodolares	1.91407737182221e-05	9.53743753154335e-05	0.000183385292499542
Master_fechaalta_delta2	1.89913351661727e-05	2.32851864835847e-05	0.000183385292499542
ctarjeta_debito_max6	1.89458496991801e-05	0.000101872690865683	0.000183385292499542
Master_mpagado_lag2	1.81580215541371e-05	4.98808356059757e-05	0.000183385292499542
vmr_msaldodolares_lag2	1.81173041592927e-05	0.000373730441576161	0.000275077938749312
mtarjeta_master_consumo_delta1	1.79545566045285e-05	0.000412885591466713	0.000275077938749312
cseguro_vivienda_max6	1.76381412355477e-05	0.00019600497633435	0.000183385292499542
Visa_msaldodolares_delta2	1.74440975369306e-05	2.79443561233862e-05	0.000183385292499542
mprestamos_prendarios_tend6	1.74063051671522e-05	0.000850346436983179	0.000275077938749312
Master_mpagado_lag1	1.73441532377507e-05	0.000847702331558303	0.000366770584999083
ctarjeta_visa_debitos_automaticos_min6	1.7286512257205e-05	6.24989758089622e-05	0.000183385292499542
ccheques_depositados_lag1	1.72390258638823e-05	0.000683053460282663	0.000275077938749312
Master_mconsumototal_lag1	1.70618760371808e-05	8.02400702726458e-05	0.000275077938749312
Visa_mpagosdolares_lag1	1.70517218461416e-05	1.98041363980122e-05	0.000183385292499542
ccomisiones_otras_delta2	1.70262646592741e-05	3.24915777512474e-05	0.000275077938749312
active_quarter_lag1	1.69621621188862e-05	0.000224002641034851	0.000183385292499542
cseguro_vivienda	1.67265341752494e-05	0.00011404836987862	0.000183385292499542
mttarjeta_master_debitos_automaticos_lag1	1.65971151872811e-05	0.000209358774901516	0.000183385292499542
cinversion1	1.64636664156939e-05	0.000721760818125454	0.000275077938749312
vm_mconsumospesos_lag1	1.62157946095143e-05	8.09703977791135e-05	0.000183385292499542
mextraccion_autoservicio	1.61706526338847e-05	5.79250998925438e-05	0.000183385292499542
vm_mconsumosdolares	1.60683159787708e-05	0.000237676291064703	0.000183385292499542
cpayroll_trx_delta1	1.58467779161374e-05	0.000104762015745285	0.000183385292499542
vm_mconsumospesos_delta1	1.56471856632673e-05	4.95343298547319e-05	0.000183385292499542
ctransferencias_emitidas_delta1	1.55337415988684e-05	7.6359205858715e-05	0.000183385292499542
Master_cconsumos_delta2	1.54736203095829e-05	7.45360525214013e-05	0.000183385292499542
mtarjeta_visa_descuentos_delta1	1.52784783894456e-05	0.000168439111108477	0.000183385292499542
ctarjeta_master_debitos_automaticos	1.51452041368265e-05	0.000564127355598073	0.000275077938749312
mprestamos_prendarios_min6	1.47968377321556e-05	0.000513388251900555	0.000183385292499542
Visa_fultimo_cierre_delta1	1.47846178387333e-05	1.56140822368177e-05	9.16926462497708e-05
vmr_msaldodolares2_lag2	1.46581741911749e-05	0.000256707453094556	0.000183385292499542
Master_mpagominimo_delta1	1.45189623318018e-05	3.67136170587106e-05	0.000183385292499542
ccheques_depositados_delta2	1.44564385838951e-05	0.000552170241751305	0.000183385292499542
ctarjeta_master_debitos_automaticos_max6	1.43017704055593e-05	0.000359566352636856	0.000183385292499542
mplazo_fijo_dolares_max6	1.41738854413017e-05	0.000108648211016928	0.000183385292499542
mtarjeta_master_consumo_delta2	1.40921963016072e-05	6.71794688796095e-05	9.16926462497708e-05
matm_other_lag2	1.39558773764116e-05	0.000641590049003057	0.000275077938749312
ccajeros_propios_descuentos_delta2	1.38063374013069e-05	1.23729207482601e-05	0.000183385292499542
mprestamos_prendarios_max6	1.37847113118779e-05	0.000516208275629908	0.000183385292499542
vm_mconsumototal_delta1	1.35636629324331e-05	4.97422333054782e-05	0.000183385292499542
Visa_mconsumosdolares_delta2	1.35587692700173e-05	0.000479233446543337	0.000275077938749312
ccuenta_debitos_automaticos_min6	1.34205839228948e-05	5.92791377512504e-06	9.16926462497708e-05
Master_msaldototal_lag2	1.29951300534775e-05	0.000287546464955256	0.000183385292499542
vm_mconsumosdolares_delta2	1.29890284266264e-05	0.00013676315458708	0.000183385292499542
minversion1_pesos_lag1	1.29475654138524e-05	0.000689658392987142	0.000275077938749312
vmr_mconsumospesos_lag1	1.28671725875827e-05	9.45480923701598e-05	0.000183385292499542
mplazo_fijo_dolares_lag2	1.27779416928893e-05	0.000284102730873664	0.000183385292499542
active_quarter_avg6	1.27584474685396e-05	2.38395956855748e-05	0.000183385292499542
ctarjeta_visa_max6	1.24777765952255e-05	3.13987519204015e-05	9.16926462497708e-05
ctarjeta_debito_lag2	1.24619708421429e-05	2.26401527005e-05	0.000183385292499542
mprestamos_prendarios_lag1	1.22032505327978e-05	0.0008567381353792	0.000275077938749312
vmr_mpagosdolares_lag1	1.20853549471146e-05	0.000215158748091566	0.000183385292499542
cplazo_fijo_lag2	1.1805844099995e-05	3.92990830487606e-05	0.000183385292499542
mcheques_depositados_delta2	1.13273610276672e-05	6.26535706825941e-05	9.16926462497708e-05
ctarjeta_visa_tend6	1.13225299622933e-05	0.000377696599713475	0.000183385292499542
vm_msaldodolares_delta2	1.1321862788758e-05	3.02632792278641e-05	9.16926462497708e-05
mttarjeta_master_debitos_automaticos_avg6	1.11730094001953e-05	0.0001132007635025	0.000183385292499542
vm_Finiciomora	1.1086865569746e-05	8.04053268617005e-05	9.16926462497708e-05
mttarjeta_master_debitos_automaticos	1.08964588385007e-05	0.000507966769608017	0.000183385292499542
ctarjeta_master_tend6	1.04399552515601e-05	0.000102293828624887	9.16926462497708e-05
catm_trx_other_lag2	1.04316916496601e-05	1.1914466985076e-05	9.16926462497708e-05
cseguro_accidentes_personales_min6	1.03704202387754e-05	8.71275384358306e-05	9.16926462497708e-05
cseguro_vida_lag2	1.03076797783248e-05	3.94376853492581e-05	9.16926462497708e-05
Master_mpagado_delta2	1.02732601213173e-05	0.000108744166455734	9.16926462497708e-05
ctarjeta_visa_debitos_automaticos_lag1	1.00683724756486e-05	0.000371496812195066	0.000183385292499542
cinversion1_lag1	9.94952882210907e-06	0.000469270073480649	0.000183385292499542
Visa_msaldodolares_lag2	9.74761057409302e-06	0.000162729762499521	9.16926462497708e-05
ccajeros_propios_descuentos_lag1	9.61932070998204e-06	6.39169839602061e-06	9.16926462497708e-05
ccajas_transacciones_lag1	9.58870243662731e-06	8.57894931502583e-05	0.000183385292499542
Master_msaldopesos_delta1	9.43482107933738e-06	0.000327911719546305	0.000183385292499542
Master_mconsumototal_delta2	9.40174686254715e-06	0.000174351032310467	0.000183385292499542
mprestamos_prendarios_delta1	9.0410619146854e-06	0.00085296921897721	0.000275077938749312
minversion2_lag2	8.82513064532497e-06	0.000500018460760255	0.000183385292499542
cpagomiscuentas_min6	8.33830790380581e-06	1.56087513791062e-05	9.16926462497708e-05
vm_mpagosdolares_lag2	8.33188893372321e-06	0.000165224603908476	9.16926462497708e-05
mextraccion_autoservicio_lag1	7.89998836135664e-06	1.42280592318424e-05	9.16926462497708e-05
Master_mconsumototal_delta1	7.64937753840962e-06	0.000152121355653748	9.16926462497708e-05
Visa_Fvencimiento_delta1	7.5080532269639e-06	9.0571272517423e-06	9.16926462497708e-05
ctarjeta_master_transacciones_avg6	7.4093067895323e-06	7.02607046368238e-05	9.16926462497708e-05
cseguro_accidentes_personales_lag2	7.40063194883803e-06	0.000103861100792051	9.16926462497708e-05
vm_status02_lag2	7.39885466826832e-06	1.45105946905489e-05	9.16926462497708e-05
Master_Fvencimiento_delta1	7.26037257947243e-06	8.54536491144374e-06	9.16926462497708e-05
catm_trx_delta1	7.15142599367973e-06	4.38622972497561e-05	9.16926462497708e-05
ctarjeta_visa_descuentos_delta2	7.14644517082586e-06	0.00015493604852539	9.16926462497708e-05
vmr_msaldodolares_delta1	7.12925000112305e-06	0.000203297589683605	9.16926462497708e-05
vm_mpagosdolares_delta1	6.99414181364944e-06	6.87680644776196e-05	9.16926462497708e-05
vmr_mconsumosdolares_lag2	6.94771461774157e-06	1.47504832875638e-05	9.16926462497708e-05
vmr_msaldodolares2	6.73185783093734e-06	0.000166274782877631	9.16926462497708e-05
cplazo_fijo_lag1	6.72328679040118e-06	6.39169839602061e-06	9.16926462497708e-05
vmr_Master_mlimitecompra_delta2	6.54021262910335e-06	6.34905153432907e-06	9.16926462497708e-05
vmr_msaldodolares_delta2	6.47604432220309e-06	5.43267709373195e-05	9.16926462497708e-05
ccomisiones_mantenimiento_lag1	6.36885639634106e-06	1.02352468059713e-05	9.16926462497708e-05
vm_mpagosdolares_delta2	6.31029844836808e-06	1.97774821094549e-05	9.16926462497708e-05
ctarjeta_visa	6.21498256654351e-06	0.000219114244513457	9.16926462497708e-05
vm_msaldodolares_lag2	6.20743843444175e-06	8.75220219064774e-05	9.16926462497708e-05
mv_status07_lag1	6.1922958930563e-06	7.34485575482669e-05	9.16926462497708e-05
mttarjeta_master_debitos_automaticos_max6	5.97646961240541e-06	0.000235122810220922	9.16926462497708e-05
vmr_mpagosdolares_delta1	5.86187146456924e-06	0.00020738102669057	9.16926462497708e-05
vm_msaldodolares	5.75451555677195e-06	0.000175891650189074	9.16926462497708e-05
minversion2_lag1	5.68397384092721e-06	0.000260337767196049	9.16926462497708e-05
cseguro_vida_avg6	5.64901893959296e-06	6.29147827104548e-05	9.16926462497708e-05
ctarjeta_visa_descuentos_lag2	5.56309855681227e-06	0.000175891650189074	9.16926462497708e-05
Master_mconsumospesos_delta2	5.36059276820662e-06	2.66169725532368e-05	9.16926462497708e-05
ccajas_consultas_lag1	5.30373801443097e-06	0.000211645712859725	9.16926462497708e-05
cinversion2_min6	5.29986927953055e-06	9.73467926686676e-05	9.16926462497708e-05
matm_other_delta1	5.16680936235239e-06	1.58859559801013e-05	9.16926462497708e-05
ctarjeta_master_transacciones_delta2	5.15131619829548e-06	0.000134689450937328	9.16926462497708e-05
vm_fultimo_cierre_delta1	5.05939006514557e-06	0.000100390712421902	9.16926462497708e-05
Visa_mpagosdolares_delta1	4.98351928087834e-06	0.000195445236274649	9.16926462497708e-05
cliente_edad_delta2	4.96898488164058e-06	2.99967363422919e-05	9.16926462497708e-05
Master_Fvencimiento_delta2	4.88713568368699e-06	0.000236231628624902	9.16926462497708e-05
Visa_delinquency_delta1	4.87103794313669e-06	0.000166583972624894	9.16926462497708e-05
Visa_Finiciomora_lag2	4.8594261918621e-06	0.000216747343689576	9.16926462497708e-05
vmr_Master_mlimitecompra_delta1	4.6135168821832e-06	0.000200285655076639	9.16926462497708e-05
ctarjeta_master_debitos_automaticos_lag2	4.61275937873931e-06	0.000155111966829868	9.16926462497708e-05
vm_msaldodolares_delta1	4.47726927007327e-06	0.000250273107836844	9.16926462497708e-05
Visa_msaldodolares_delta1	4.35778736441658e-06	2.79017092616947e-05	9.16926462497708e-05
cprestamos_prendarios_max6	4.30585202500431e-06	0.00024741576810351	9.16926462497708e-05
cseguro_accidentes_personales_delta2	4.23480636335379e-06	0.000264175984748288	9.16926462497708e-05
ctarjeta_master_debitos_automaticos_tend6	4.14052848311029e-06	0.000234115278113459	9.16926462497708e-05
ctransferencias_recibidas_delta1	3.97644143088593e-06	0.000269069712127393	9.16926462497708e-05
vmr_mpagosdolares_lag2	3.85995467482956e-06	0.000189042876163205	9.16926462497708e-05
ccajas_extracciones_lag1	3.38971103718933e-06	0.000238507904867688	9.16926462497708e-05
ctarjeta_debito_transacciones_min6	2.58233835245275e-06	0.000285579378459733	9.16926462497708e-05
